	EWsiteHyd_index	Sample	MG_name	Index	Location	Pl_Sp	EWcoastGroup	SALTgroup	LU	Depth	EW.no	iTag_name.x	Site_indx	Salinity.x	Bulk_dens	H2O_FPS	CO2_mg_m2_h	CH4_ug_m2_h	CH4_CO2	pH	Cl	SO4	C	N	P	NO3_N	NH4_N	Olsen_P	CN	CP	NP	NP_ext	NO3_NH4	Fe	Mn	Cu	Zn	Cl_pw	SO4_pw	DOC_mg_L	Na_pw	K_pw	Ca_pw	Mn_pw	Mg_pw	Fe_pw	Cu_pw	Zn_pw
0	1	Sandmound_TuleA_D1	Sandmound_TuleA_D1	2.0	Sandmound	Tule	SF_Ref	FW	Ref	d1	2.0	s002_Sandmound_TuleA_D1	0	0.593425419	0.26536910108812645	85.43317473849808	1.4810198319999999	4.473064042	0.30202593816447965	6.16	13.89	51.7	14.9	1.068	0.10400000000000001	0.12	33.42	15.4	15.931255431584718	361.7762723913336	22.70858526780566	713.9114371385735	0.0035906642728904844	NA	NA	NA	NA	NA	NA	NA	NA	NA	NA	NA	NA	NA	NA	NA
1	2	Sandmound_TuleA_D2	Sandmound_TuleA_D2	85.0	Sandmound	Tule	SF_Ref	FW	Ref	d2	85.0	s085_Sandmound_TuleA_D2	1	0.593425419	0.2743267078759113	84.5374140597196	1.4810198319999999	4.473064042	0.30202593816447965	5.91	10.72	84.6	14.98	0.965	0.09	0.63	48.13	14.2	19.202710986431697	455.3019546896827	23.710295645827884	1199.3220215289184	0.013089549137751922	26590.0	783.0	65.0	90.0	266.143	3.4360000000000004	9.863	114758.69	NA	51564.87	272.04	25081.42	615.38	3.21	NA
2	3	Sandmound_TuleB_D1	Sandmound_TuleB_D1	3.0	Sandmound	Tule	SF_Ref	FW	Ref	d1	3.0	s003_Sandmound_TuleB_D1	2	0.602620915	0.24796784855775755	79.8309993458097	4.173351163	-0.282940133	-0.006779686682215578	6.27	14.12	39.8	15.15	1.088	0.11	0.7	28.59	17.8	15.89564728043411	347.66949992809623	21.87199387319328	589.4423113118766	0.024484085344526056	NA	NA	NA	NA	217.5955	0.8755	11.77	96669.1	NA	59069.71	1175.01	26016.8	624.42	1.35	NA
3	4	Sandmound_TuleB_D2	Sandmound_TuleB_D2	86.0	Sandmound	Tule	SF_Ref	FW	Ref	d2	86.0	s086_Sandmound_TuleB_D2	3	0.602620915	0.2584306269779161	78.78472150379385	4.173351163	-0.282940133	-0.006779686682215578	5.85	13.3	40.7	13.59	0.9229999999999999	0.09	0.8	35.32	13.9	18.8004044324483	426.36205700330254	22.678344954506873	888.4231217724472	0.022650056625141565	28700.0	587.0	65.0	94.0	217.5955	0.8755	11.77	96669.1	NA	59069.71	1175.01	26016.8	624.42	1.35	NA
4	5	Sandmound_TuleC_D1	Sandmound_TuleC_D1	4.0	Sandmound	Tule	SF_Ref	FW	Ref	d1	4.0	s004_Sandmound_Tule_C_D1	4	0.566468299	0.24042363464427485	84.25657106002062	1.764463823	0.925883825	0.05247394777557873	6.26	13.08	39.7	16.45	1.103	0.114	0.42	30.0	14.1	16.810768732469704	359.6751223659015	21.395519032463717	590.7027313410964	0.014	NA	NA	NA	NA	553.602	17.314	17.8	238099.57	371.64	77352.15	3033.7	51492.04	3796.41	4.77	NA
5	6	Sandmound_TuleC_D2	Sandmound_TuleC_D2	87.0	Sandmound	Tule	SF_Ref	FW	Ref	d2	NA	s087_Sandmound_Tule_C_D2	5	0.566468299	0.2696643469658758	81.33249982786053	1.764463823	0.925883825	0.05247394777557873	5.69	13.71	65.1	13.27	0.941	0.085	NA	21.19	10.9	17.49891150964963	428.384647406544	24.480645391589917	NA	NA	29390.0	639.0	67.0	95.0	553.602	17.314	17.8	238099.57	371.64	77352.15	3033.7	51492.04	3796.41	4.77	NA
6	7	Sandmound_CattailA_D1	NA	1.0	Sandmound	Cattail	SF_Ref	FW	Ref	d1	1.0	s001_Sandmound_CattailA_D1	6	0.584762462	0.21476229388746487	88.65828029713292	2.710899281	-0.254840416	-0.009400585915755386	6.24	12.54	108.5	16.76	1.155	0.096	0.67	44.82	11.3	16.377018036496846	435.7102170232842	26.604978760619694	1048.9609585088408	0.01494868362338242	NA	NA	NA	NA	204.5395	0.7205	16.21	105517.92	2592.95	47456.79	577.28	27486.62	424.33	1.74	NA
7	8	Sandmound_CattailA_D2	NA	84.0	Sandmound	Cattail	SF_Ref	FW	Ref	d2	84.0	s084_Sandmound_CattailA_D2	7	0.584762462	0.21696498408118242	88.43801127776116	2.710899281	-0.254840416	-0.009400585915755386	5.64	11.46	50.3	20.65	1.19	0.083	0.22	33.55	9.7	21.726246039169983	688.8199672388665	31.704509191187537	900.673922935262	0.006557377049180329	21840.0	367.0	78.0	87.0	204.5395	0.7205	16.21	105517.92	2592.95	47456.79	577.28	27486.62	424.33	1.74	NA
8	9	Sandmound_ThreeSqA_D1	NA	5.0	Sandmound	ThreeSq	SF_Ref	FW	Ref	d1	5.0	s005_Sandmound_ThreeSqA_D1	8	0.661564933	0.2249497360334087	82.13281059824457	3.953506323	0.712509492	0.01802221708499339	6.35	13.62	75.7	17.01	1.099	0.096	0.6	73.76	17.2	17.041735097392145	431.4122124163961	25.315040396468437	1714.6787618095716	0.008134490238611713	NA	NA	NA	NA	316.694	10.555	10.19	144427.16	NA	49568.66	124.17	25688.29	320.11	3.16	NA
9	9	Sandmound_ThreeSqA_D2	Sandmound_ThreeSqA_D2	88.0	Sandmound	ThreeSq	SF_Ref	FW	Ref	d2	88.0	s088_Sandmound_ThreeSqA_D2	9	0.661564933	0.2511066820838051	79.51711599320494	3.953506323	0.712509492	0.01802221708499339	6.15	15.32	68.9	17.79	1.016	0.08900000000000001	0.52	85.49	7.2	19.35217684314313	488.52375958741936	25.243866028462488	2139.309213771926	0.006082582758217336	26270.0	630.0	75.0	97.0	316.694	10.555	10.19	144427.16	NA	49568.66	124.17	25688.29	320.11	3.16	NA
10	10	Sandmound_ThreeSqB_D1	Sandmound_ThreeSqB_D1	6.0	Sandmound	ThreeSq	SF_Ref	FW	Ref	d1	6.0	s006_Sandmound_ThreeSqB_D1	10	0.584762462	0.24042363464427485	84.25657106002062	2.6443916130000003	0.661727234	0.025023798697095624	6.25	16.2	82.1	15.41	1.069	0.096	0.36	42.9	12.7	16.87635180691476	415.5633204284961	24.62400198710169	997.5390429785109	0.008391608391608392	NA	NA	NA	NA	218.6595	2.356	11.7	103955.03	NA	48449.61	576.19	21267.82	2565.08	1.42	NA
11	11	Sandmound_ThreeSqB_D2	Sandmound_ThreeSqB_D2	89.0	Sandmound	ThreeSq	SF_Ref	FW	Ref	d2	89.0	s089_Sandmound_ThreeSqB_D2	11	0.584762462	0.2490875494062306	83.39017958382506	2.6443916130000003	0.661727234	0.025023798697095624	5.94	18.52	58.8	16.23	1.021	0.095	0.68	29.48	8.6	18.674886740696643	443.8255283533954	23.76590201140031	702.7847880570993	0.02306648575305292	25290.0	581.0	68.0	88.0	218.6595	2.356	11.7	103955.03	NA	48449.61	576.19	21267.82	2565.08	1.42	NA
12	12	Sandmound_ThreeSqC_D1	Sandmound_ThreeSqC_D1	7.0	Sandmound	ThreeSq	SF_Ref	FW	Ref	d1	7.0	s007_Sandmound_ThreeSqC_D1	12	0.631436206	0.22100324943633134	80.69188409652098	5.028706753	-0.341332784	-0.006787685199507199	6.44	13.76	56.3	16.62	1.079	0.092	0.33	49.32	16.3	17.8223583895794	462.2223650059909	25.934971955016284	1194.664740611061	0.006690997566909976	NA	NA	NA	NA	418.5935	15.828	11.45	181577.27	NA	56285.76	385.36	33854.91	271.27	3.45	NA
13	13	Sandmound_ThreeSqC_D2	Sandmound_ThreeSqC_D2	90.0	Sandmound	ThreeSq	SF_Ref	FW	Ref	d2	90.0	s090_Sandmound_ThreeSqC_D2	13	0.631436206	0.2528688342387791	77.50532561627621	5.028706753	-0.341332784	-0.006787685199507199	6.11	13.12	54.8	15.95	1.02	0.098	0.68	47.43	12.4	19.390617424223876	446.29076407850624	23.015809879316897	1086.735619070931	0.014336917562724016	25180.0	1164.0	64.0	86.0	418.5935	15.828	11.45	181577.27	NA	56285.76	385.36	33854.91	271.27	3.45	NA
14	14	WestPond_TuleA_D1	WestPond_TuleA_D1	8.0	WestPond	Tule	SF_Rest	FW	West	d1	8.0	s008_WestPond_TuleA_D1	14	0.358055401	0.05644393621401322	69.61418799728294	24.35567428	282.2282567	1.1587782520632395	6.3	3.25	32.2	43.4	1.693	0.09	2.72	225.21	14.5	34.11751031725545	1419.2011211944607	41.597440962058656	5606.264732713009	0.01207761644687181	NA	NA	NA	NA	160.541	7.9715	10.65	67222.29	1141.02	45960.11	0.9	20835.52	80.48	0.89	NA
15	15	WestPond_TuleA_D2	WestPond_TuleA_D2	91.0	WestPond	Tule	SF_Rest	FW	West	d2	91.0	s091_WestPond_TuleA_D2	15	0.358055401	0.07375340998631053	67.88324062005321	24.35567428	282.2282567	1.1587782520632395	5.78	9.41	42.6	34.88	1.5330000000000001	0.11900000000000001	2.14	67.11	8.5	28.998577787712858	826.083708981053	28.487042193189122	1288.212286413816	0.03188794516465505	13180.0	136.0	40.0	48.0	160.541	7.9715	10.65	67222.29	1141.02	45960.11	0.9	20835.52	80.48	0.89	NA
16	16	WestPond_TuleB_D1	WestPond_TuleB_D1	9.0	WestPond	Tule	SF_Rest	FW	West	d1	9.0	s009_WestPond_TuleB_D1	16	0.380244176	0.06299693954032293	65.28773734178932	9.77780885	31.71546917	0.32436172210505015	6.3	5.36	46.6	38.44	2.059	0.113	4.97	115.64	6.9	24.190184818845633	974.6961597886303	40.29304311181957	2362.7593725261263	0.04297820823244552	NA	NA	NA	NA	115.5075	12.154000000000002	10.24	57146.0	5081.79	37792.07	50.3	15183.38	49.43	0.5	NA
17	17	WestPond_TuleB_D2	WestPond_TuleB_D2	92.0	WestPond	Tule	SF_Rest	FW	West	d2	92.0	s092_WestPond_TuleB_D2	17	0.380244176	0.08232554599019483	63.35487669680213	9.77780885	31.71546917	0.32436172210505015	5.8	7.56	63.3	32.85	1.5919999999999999	0.107	2.9	75.99	5.7	25.52119727770482	839.6774607699953	32.901178249326605	1632.1226769792675	0.03816291617318068	15880.0	139.0	38.0	46.0	115.5075	12.154000000000002	10.24	57146.0	5081.79	37792.07	50.3	15183.38	49.43	0.5	NA
18	18	WestPond_TuleC_D1	WestPond_TuleC_D1	10.0	WestPond	Tule	SF_Rest	FW	West	d1	10.0	s010_WestPond_TuleC_D1	18	0.374460255	0.07419394802505402	78.85263778476681	4.630644423	1.026137308	0.0221597085473302	6.34	5.55	42.9	40.59	2.1590000000000003	0.12	1.94	130.39	9.8	24.484939677612953	974.1427441511948	39.78538468860808	2441.134379238952	0.014878441598282078	NA	NA	NA	NA	187.8235	28.0435	15.72	87546.9	4173.92	40939.41	0.66	20383.92	47.02	20.36	15.68
19	19	WestPond_TuleC_D2	WestPond_TuleC_D2	93.0	WestPond	Tule	SF_Rest	FW	West	d2	93.0	s093_WestPond_TuleC_D2	19	0.374460255	0.0647040244404541	79.8016301432268	4.630644423	1.026137308	0.0221597085473302	5.97	9.37	59.3	40.03	1.719	0.11199999999999999	2.88	101.27	9.4	30.44010558674908	1033.1328573807343	33.93985787718386	2058.5237037093702	0.028438826898390442	9930.0	85.0	33.0	38.0	187.8235	28.0435	15.72	87546.9	4173.92	40939.41	0.66	20383.92	47.02	20.36	15.68
20	20	WestPond_CattailA_D1	WestPond_CattailA_D1	11.0	WestPond	Cattail	SF_Rest	FW	West	d1	11.0	s011_WestPond_CattailA_D1	20	0.417574716	0.07021074992474811	75.57980727193475	14.80868675	135.0238335	0.911788032115677	6.39	6.85	55.3	37.63	2.048	0.17300000000000001	1.97	126.86	18.2	23.62541490287549	618.4654721611163	26.177972945814457	1648.4869910214177	0.01552892952861422	NA	NA	NA	NA	3448.3720000000003	346.17	32.15	1855692.54	49657.4	85518.77	104.2	225966.52	70.28	32.81	29.95
21	21	WestPond_CattailA_D2	WestPond_CattailA_D2	94.0	WestPond	Cattail	SF_Rest	FW	West	d2	94.0	s094_WestPond_CattailA_D2	21	0.417574716	0.08838294402291831	73.76258786211774	14.80868675	135.0238335	0.911788032115677	5.78	10.09	57.9	33.22	1.58	0.1	2.07	158.34	6.8	25.74455272540256	899.486404129548	34.93890197758264	3550.9622831441425	0.013073133762788933	17180.0	139.0	47.0	67.0	3448.3720000000003	346.17	32.15	1855692.54	49657.4	85518.77	104.2	225966.52	70.28	32.81	29.95
22	22	WestPond_CattailB_D1	WestPond_CattailB_D1	12.0	WestPond	Cattail	SF_Rest	FW	West	d1	12.0	s012_WestPond_CattailB_D1	22	0.42313700200000004	0.06156519091440655	72.77321285010625	18.0642218	26.73814724	0.1480171553252297	6.33	6.9	57.6	40.89	2.002	0.11699999999999999	2.71	235.67	10.1	25.52550022619126	965.8387788401943	37.83819201510356	4510.228805011415	0.011499130139601986	NA	NA	NA	NA	242.1595	24.5155	9.884	106264.99	1909.2	51091.96	27.53	26250.82	51.92	2.69	68.56
23	23	WestPond_CattailB_D2	WestPond_CattailB_D2	95.0	WestPond	Cattail	SF_Rest	FW	West	d2	95.0	s095_WestPond_CattailB_D2	23	0.42313700200000004	0.05604010967849817	73.32572097369709	18.0642218	26.73814724	0.1480171553252297	5.93	10.23	59.3	39.36	1.7309999999999999	0.10800000000000001	NA	79.34	4.4	29.461060174908994	1044.1763414400996	35.4425921959655	NA	NA	13270.0	99.0	54.0	42.0	242.1595	24.5155	9.884	106264.99	1909.2	51091.96	27.53	26250.82	51.92	2.69	68.56
24	24	WestPond_CattailC_D1	NA	13.0	WestPond	Cattail	SF_Rest	FW	West	d1	13.0	s013_WestPond_CattailC_D1	24	0.36659283	0.06925625084080385	83.01755782605447	17.81102623	102.6551443	0.5763572686625593	6.34	6.85	58.1	40.25	2.044	0.11900000000000001	2.86	163.21	14.2	24.28783033360972	922.5179299927447	37.98272292425215	3089.291182739963	0.01752343606396667	NA	NA	NA	NA	199.86900000000003	10.39	10.44	85814.93	17074.79	56222.15	0.74	25103.66	53.7	2.16	0.95
25	25	WestPond_CattailC_D2	WestPond_CattailC_D2	96.0	WestPond	Cattail	SF_Rest	FW	West	d2	96.0	s096_WestPond_CattailC_D2	25	0.36659283	0.11872500144137806	78.07068276599706	17.81102623	102.6551443	0.5763572686625593	5.62	12.98	62.8	28.94	1.421	0.095	0.73	98.05	11.6	24.029401619943624	794.8141571980071	33.07673531655225	2301.759992184359	0.0074451810300866905	17860.0	158.0	50.0	60.0	199.86900000000003	10.39	10.44	85814.93	17074.79	56222.15	0.74	25103.66	53.7	2.16	0.95
26	26	MayberryNE_TuleA_D1	MayberryNE_TuleA_D1	14.0	Mayberry	Tule	SF_Rest	Oligo	Pond	d1	14.0	s014_MayberryNE_TuleA_D1	26	3.325753237	0.06424513065009634	85.35424500655655	3.358740915	32.63104086	0.9715259880353111	6.64	46.55	462.3	33.36	1.8769999999999998	0.11199999999999999	7.45	191.78	2.4	20.726584009055458	768.1148233167218	37.05940269661088	3937.7789485359367	0.03884659505683596	NA	NA	NA	NA	1276.85	15.034	78.92	759634.08	22336.15	107005.82	216.4	106436.13	342.81	20.8	1.24
27	27	MayberryNE_TuleA_D2	MayberryNE_TuleA_D2	97.0	Mayberry	Tule	SF_Rest	Oligo	Pond	d2	97.0	s097_MayberryNE_TuleA_D2	27	3.325753237	0.08351866984512524	83.42689108705366	3.358740915	32.63104086	0.9715259880353111	6.89	120.7	1049.9	32.22	1.892	0.11199999999999999	2.31	114.8	2.6	23.292801278179994	870.115682648049	37.355562014910916	2314.6779735132436	0.020121951219512196	36000.0	207.0	22.0	37.0	1276.85	15.034	78.92	759634.08	22336.15	107005.82	216.4	106436.13	342.81	20.8	1.24
28	28	MayberryNE_TuleB_D1	MayberryNE_TuleB_D1	15.0	Mayberry	Tule	SF_Rest	Oligo	Pond	d1	15.0	s015_MayberryNE_TuleB_D1	28	3.4367401060000002	0.09354091022654028	80.58909188748083	2.055421289	43.21532629	2.1025045581300295	6.61	60.82	646.2	34.02	2.2840000000000003	0.107	5.69	149.55	2.8	16.864692843585733	796.0547224234483	47.2024441717726	3211.6963414154075	0.03804747576061518	NA	NA	NA	NA	1992.234	26.068	109.2	996395.73	34178.03	143863.58	1.09	165305.97	151.26	21.68	4.43
29	29	MayberryNE_TuleB_D2	MayberryNE_TuleB_D2	98.0	Mayberry	Tule	SF_Rest	Oligo	Pond	d2	98.0	s098_MayberryNE_TuleB_D2	29	3.4367401060000002	0.09623920571384424	80.31926233875043	2.055421289	43.21532629	2.1025045581300295	6.96	101.56	835.8	32.92	2.059	0.132	1.45	243.07	9.5	20.56533858047963	709.3661239823091	34.49328690633038	4100.672412711392	0.005965359772904925	25660.0	244.0	21.0	33.0	1992.234	26.068	109.2	996395.73	34178.03	143863.58	1.09	165305.97	151.26	21.68	4.43
30	30	MayberryNE_TuleC_D1	MayberryNE_TuleC_D1	16.0	Mayberry	Tule	SF_Rest	Oligo	Pond	d1	16.0	s016_MayberryNE_TuleC_D1	30	3.431605924	0.10095663387872279	81.6830946836939	3.99420267	223.5979753	5.598062836906571	6.83	57.2	510.3	30.34	1.8840000000000001	0.107	5.87	165.2	2.4	19.300171763993408	751.4679456604032	38.935816470936764	3539.1966833672614	0.035532687651331725	NA	NA	NA	NA	2169.22	48.861999999999995	115.0	1083096.2	31768.44	110855.9	0.65	172987.87	91.02	23.8	2.27
31	31	MayberryNE_TuleC_D2	MayberryNE_TuleC_D2	99.0	Mayberry	Tule	SF_Rest	Oligo	Pond	d2	99.0	s099_MayberryNE_TuleC_D2	31	3.431605924	0.10370999662086985	81.4077584094792	3.99420267	223.5979753	5.598062836906571	7.14	95.24	708.3	31.08	1.7480000000000002	0.11800000000000001	2.5	197.42	2.8	22.169447743077612	726.2170834926741	32.757563107066325	3750.497293726018	0.01266335730928984	35320.0	277.0	21.0	36.0	2169.22	48.861999999999995	115.0	1083096.2	31768.44	110855.9	0.65	172987.87	91.02	23.8	2.27
32	32	MayberryNE_CattailA_D1	MayberryNE_CattailA_D1	17.0	Mayberry	Cattail	SF_Rest	Oligo	Pond	d1	17.0	s017_MayberryNE_CattailA_D1	32	3.1	0.6346868235681088	66.85715410481309	2.001925557	26.5786859	1.327656056293606	7.35	61.54	208.1	13.91	0.888	0.073	0.13	9.84	13.9	13.579179670887275	365.2715148100543	26.899380055569086	302.333950441609	0.013211382113821139	NA	NA	NA	NA	1003.3580000000001	15.41	88.69	514338.59	14340.51	125406.03	136.56	92674.94	712.9	14.99	0.27
33	33	MayberryNE_CattailA_D2	MayberryNE_CattailA_D2	100.0	Mayberry	Cattail	SF_Rest	Oligo	Pond	d2	100.0	s100_MayberryNE_CattailA_D2	33	3.1	0.6894236748819907	61.38346897342489	2.001925557	26.5786859	1.327656056293606	7.27	57.33	54.7	13.98	0.9279999999999999	0.08	0.19	9.92	13.1	16.27375426692199	417.4436974440097	25.651345755693576	279.7536678089527	0.019153225806451613	29540.0	565.0	41.0	59.0	1003.3580000000001	15.41	88.69	514338.59	14340.51	125406.03	136.56	92674.94	712.9	14.99	0.27
34	34	MayberryNE_CattailB_D1	MayberryNE_CattailB_D1	18.0	Mayberry	Cattail	SF_Rest	Oligo	Pond	d1	18.0	s018_MayberryNE_CattailB_D1	34	3.3	0.5729197193859448	67.52713903873553	1.713242764	17.03466156	0.9942935069066486	7.21	63.16	202.2	14.53	0.987	0.07	0.56	14.3	4.7	14.036707486222738	437.65966911283704	31.179653030627538	469.9324011463656	0.039160839160839164	NA	NA	NA	NA	966.432	22.95	72.63	490642.11	13106.42	124111.32	12.35	85864.31	107.3	12.38	NA
35	35	MayberryNE_CattailB_D2	MayberryNE_CattailB_D2	101.0	Mayberry	Cattail	SF_Rest	Oligo	Pond	d2	101.0	s101_MayberryNE_CattailB_D2	35	3.3	0.6403220393137028	60.78690704595972	1.713242764	17.03466156	0.9942935069066486	7.29	62.39	53.4	13.36	0.858	0.077	NA	13.41	12.8	16.976224591327416	418.30190290934615	24.640455282562804	NA	NA	30210.0	533.0	41.0	61.0	966.432	22.95	72.63	490642.11	13106.42	124111.32	12.35	85864.31	107.3	12.38	NA
36	36	MayberryNE_CattailC_D1	MayberryNE_CattailC_D1	19.0	Mayberry	Cattail	SF_Rest	Oligo	Pond	d1	19.0	s019_MayberryNE_CattailC_D1	36	3.3	0.5572806190105499	70.92662423770633	1.055007089	5.731015721	0.5432205888239297	7.22	67.5	174.3	13.56	0.938	0.07200000000000001	0.35	12.49	3.6	14.285095627515576	411.5339411095385	28.80862346604475	394.77273268127834	0.028022417934347475	NA	NA	NA	NA	1701.18	34.641999999999996	93.27	854405.27	27640.86	111678.4	55.72	141977.4	195.68	16.78	0.96
37	37	MayberryNE_CattailC_D2	MayberryNE_CattailC_D2	102.0	Mayberry	Cattail	SF_Rest	Oligo	Pond	d2	102.0	s102_MayberryNE_CattailC_D2	37	3.3	0.6282072432482563	63.8339618139357	1.055007089	5.731015721	0.5432205888239297	6.81	64.55	64.4	13.82	0.9329999999999999	0.086	0.2	10.9	15.0	17.123986827723034	410.8092775420981	23.990282267504124	285.7190175676282	0.01834862385321101	29560.0	449.0	42.0	62.0	1701.18	34.641999999999996	93.27	854405.27	27640.86	111678.4	55.72	141977.4	195.68	16.78	0.96
38	38	MayberrySE_TuleA_D1	MayberrySE_TuleA_D1	20.0	Mayberry	Tule	SF_Rest	Oligo	Pond	d1	20.0	s020_MayberrySE_TuleA_D1	38	1.415937623	0.530628067666567	68.08515388781066	11.97962133	1271.185986	10.611236791071423	7.23	43.32	223.3	14.74	0.983	0.078	NA	10.82	5.8	15.054767954739354	419.5513727800798	27.868338724410687	NA	NA	NA	NA	NA	NA	1182.756	36.954	49.05	567078.07	NA	163942.64	815.47	106259.77	192.86	14.38	1.67
39	39	MayberrySE_TuleA_D2	NA	103.0	Mayberry	Tule	SF_Rest	Oligo	Pond	d2	103.0	s103_MayberrySE_TuleA_D2	39	1.415937623	0.6069512828788814	60.452832366579216	11.97962133	1271.185986	10.611236791071423	7.37	43.25	53.3	13.36	0.902	0.077	0.47	41.69	14.5	16.173973746534266	418.9717218091209	25.904068373976276	1212.0610566701805	0.01127368673542816	30230.0	395.0	48.0	65.0	1182.756	36.954	49.05	567078.07	NA	163942.64	815.47	106259.77	192.86	14.38	1.67
40	40	MayberrySE_TuleB_D1	NA	21.0	Mayberry	Tule	SF_Rest	Oligo	Pond	d1	21.0	s021_MayberrySE_TuleB_D1	40	2.578450297	0.695939966705072	60.73183979111677	5.380324547000001	216.8001784	4.029500014471895	7.25	63.52	233.5	15.0	0.9690000000000001	0.07400000000000001	0.26	21.69	10.0	13.948439420727077	403.8962707608116	28.95637702384329	656.6250176070266	0.011987090825265098	NA	NA	NA	NA	916.6060000000001	20.146	39.31	426299.48	4972.93	98718.77	420.38	74038.52	168.38	6.2	NA
41	41	MayberrySE_TuleB_D2	NA	104.0	Mayberry	Tule	SF_Rest	Oligo	Pond	d2	104.0	s104_MayberrySE_TuleB_D2	41	2.578450297	0.7624061433005002	54.08522213157395	5.380324547000001	216.8001784	4.029500014471895	7.61	45.6	49.3	12.47	0.826	0.075	0.3	27.2	22.0	16.716202238343666	407.1069963644437	24.354036315175744	811.6822541110398	0.011029411764705883	28780.0	490.0	54.0	61.0	916.6060000000001	20.146	39.31	426299.48	4972.93	98718.77	420.38	74038.52	168.38	6.2	NA
42	42	MayberrySE_TuleC_D1	NA	22.0	Mayberry	Tule	SF_Rest	Oligo	Pond	d1	22.0	s022_MayberrySE_TuleC_D1	42	2.473956295	0.5016259801159522	67.3142123200095	5.751284557999999	141.648857	2.462908165497869	7.0	74.54	443.9	15.28	1.084	0.076	0.29	21.75	7.2	14.125421162212623	445.52210911927233	31.540447821202186	641.9668737060042	0.013333333333333332	NA	NA	NA	NA	755.51	0.531	70.43	372911.34	3158.56	110095.06	575.75	63993.07	502.3	5.55	NA
43	43	MayberrySE_TuleC_D2	NA	105.0	Mayberry	Tule	SF_Rest	Oligo	Pond	d2	105.0	s105_MayberrySE_TuleC_D2	43	2.473956295	0.6519962973404062	52.2771805975641	5.751284557999999	141.648857	2.462908165497869	7.35	47.04	85.5	12.93	0.863	0.079	0.29	24.96	22.1	16.56706728758584	400.2040745350517	24.156603434268398	707.5366024040421	0.011618589743589742	29780.0	471.0	45.0	62.0	755.51	0.531	70.43	372911.34	3158.56	110095.06	575.75	63993.07	502.3	5.55	NA
44	44	MayberrySE_CattailA_D1	MayberrySE_CattailA_D1	23.0	Mayberry	Cattail	SF_Rest	Oligo	Pond	d1	23.0	s023_MayberrySE_CattailA_D1	44	1.958439419	0.48165492235957935	69.31131809564678	1.6097944530000001	16.11249201	1.0009036855589164	6.88	36.69	349.7	16.95	1.219	0.077	0.39	27.21	8.6	14.713588016016766	515.090733926801	35.00782632802338	793.4745057897769	0.014332965821389196	NA	NA	NA	NA	670.0219999999999	138.55	17.59	331733.17	732.95	73850.47	259.67	51682.37	359.11	5.94	9.46
45	45	MayberrySE_CattailA_D2	MayberrySE_CattailA_D2	106.0	Mayberry	Cattail	SF_Rest	Oligo	Pond	d2	106.0	s106_MayberrySE_CattailA_D2	45	1.958439419	0.6132289499309768	56.15391533850704	1.6097944530000001	16.11249201	1.0009036855589164	7.44	21.4	45.1	14.78	0.9640000000000001	0.083	NA	21.09	22.8	16.307178309233134	418.8224248254362	25.68331668933176	NA	NA	27920.0	571.0	40.0	53.0	670.0219999999999	138.55	17.59	331733.17	732.95	73850.47	259.67	51682.37	359.11	5.94	9.46
46	46	MayberrySE_CattailB_D1	MayberrySE_CattailB_D1	24.0	Mayberry	Cattail	SF_Rest	Oligo	Pond	d1	24.0	s024_MayberrySE_CattailB_D1	46	1.519552185	0.49457737149605585	68.01907318199913	6.194815731	599.8095971	9.682444533393337	6.52	23.91	487.8	17.78	1.2819999999999998	0.07200000000000001	0.29	29.42	9.0	13.954147076048727	549.4282555805327	39.373832924807424	913.4499912742041	0.009857239972807613	NA	NA	NA	NA	1112.359	106.7045	43.49	558319.95	2159.6	107328.02	426.6	78058.07	387.74	8.56	2.23
47	47	MayberrySE_CattailB_D2	NA	107.0	Mayberry	Cattail	SF_Rest	Oligo	Pond	d2	107.0	s107_MayberrySE_CattailB_D2	47	1.519552185	0.6343747757906655	54.03933275253817	6.194815731	599.8095971	9.682444533393337	6.99	18.52	55.8	14.27	0.9690000000000001	0.083	0.17	21.05	22.1	16.93309254957981	437.15367338975426	25.816528912824143	565.9550087262737	0.008076009501187649	27840.0	426.0	45.0	59.0	1112.359	106.7045	43.49	558319.95	2159.6	107328.02	426.6	78058.07	387.74	8.56	2.23
48	48	MayberrySE_CattailC_D1	NA	25.0	Mayberry	Cattail	SF_Rest	Oligo	Pond	d1	25.0	s025_MayberrySE_CattailC_D1	48	1.500152135	0.47348661289120997	75.6348745267777	1.4223566280000002	8.938580171	0.6284345286574641	6.9	47.46	406.7	17.45	1.25	0.08	0.17	18.52	6.4	14.180760969111647	489.97252518524687	34.55192046833726	517.1707271364319	0.0091792656587473	NA	NA	NA	NA	772.078	166.938	30.81	376886.33	5562.82	93819.99	124.81	66109.26	184.94	6.79	5.66
49	49	MayberrySE_CattailC_D2	NA	108.0	Mayberry	Cattail	SF_Rest	Oligo	Pond	d2	108.0	s108_MayberrySE_CattailC_D2	49	1.500152135	0.660421587331376	56.94137708276109	1.4223566280000002	8.938580171	0.6284345286574641	7.49	37.11	50.5	13.89	0.919	0.079	0.29	20.04	14.4	16.09050608215592	413.9141651798088	25.72412347171803	569.6720446286802	0.014471057884231536	27800.0	450.0	45.0	58.0	772.078	166.938	30.81	376886.33	5562.82	93819.99	124.81	66109.26	184.94	6.79	5.66
50	50	MayberryNW_TuleA_D1	MayberryNW_TuleA_D1	26.0	Mayberry	Tule	SF_Rest	Oligo	Pond	d1	26.0	s026_MayberryNW_TuleA_D1	50	3.2	0.5309401154440104	66.21837394863499	10.67432117	507.6657121	4.755953132896037	5.95	74.18	61.3	16.15	1.188	0.08800000000000001	0.22	12.22	8.3	14.17479263537044	423.15808993271315	29.852859284643387	312.9336954899174	0.01800327332242226	NA	NA	NA	NA	1951.5279999999998	31.101999999999997	91.03	976662.06	17709.77	186636.96	440.02	166242.35	213.49	10.44	13.16
51	52	MayberryNW_TuleA_D2	MayberryNW_TuleA_D2	109.0	Mayberry	Tule	SF_Rest	Oligo	Pond	d2	109.0	s109_MayberryNW_TuleA_D2	51	3.2	0.6120725375792748	58.105131735108564	10.67432117	507.6657121	4.755953132896037	5.94	76.29	30.8	15.65	1.0759999999999998	0.10300000000000001	0.18	14.08	18.5	15.932026683099355	368.042724589838	23.10081020516094	306.4763180129769	0.012784090909090908	32970.0	417.0	44.0	66.0	1951.5279999999998	31.101999999999997	91.03	976662.06	17709.77	186636.96	440.02	166242.35	213.49	10.44	13.16
52	53	MayberryNW_TuleB_D1	MayberryNW_TuleB_D1	27.0	Mayberry	Tule	SF_Rest	Oligo	Pond	d1	27.0	s027_MayberryNW_TuleB_D1	52	3.3	0.49105306718610775	68.37150361299395	13.84094104	1679.90338	12.1372049425333	6.2	75.98	153.9	17.0	1.288	0.10800000000000001	0.19	57.69	8.6	13.925360086587299	367.2406158552192	26.37207322264793	1186.3679007057317	0.003293465071936211	NA	NA	NA	NA	1028.214	25.445999999999998	53.9	515583.57	18008.51	141550.45	3.25	95313.91	102.42	6.46	NA
53	54	MayberryNW_TuleB_D2	MayberryNW_TuleB_D2	110.0	Mayberry	Tule	SF_Rest	Oligo	Pond	d2	110.0	s110_MayberryNW_TuleB_D2	53	3.3	0.6085298775177124	56.62382257983348	13.84094104	1679.90338	12.1372049425333	6.48	60.22	42.0	16.03	1.089	0.102	NA	67.44	23.2	16.277273839659834	384.2921766158799	23.609124009423862	NA	NA	31850.0	476.0	41.0	61.0	1028.214	25.445999999999998	53.9	515583.57	18008.51	141550.45	3.25	95313.91	102.42	6.46	NA
54	55	MayberryNW_TuleC_D1	MayberryNW_TuleC_D1	28.0	Mayberry	Tule	SF_Rest	Oligo	Pond	d1	28.0	s028_MayberryNW_TuleC_D1	54	3.0	0.564494429394975	66.53409287640119	1.856553198	164.94511930000002	8.884481170681758	6.63	60.63	101.9	16.82	1.19	0.08199999999999999	0.13	39.17	6.6	13.974572328306898	448.460090445547	32.091149547177636	1060.9460948968028	0.0033188664794485574	NA	NA	NA	NA	1527.576	17.3	74.55	777787.29	28824.74	143436.13	633.29	123036.21	435.05	6.27	NA
55	56	MayberryNW_TuleC_D2	MayberryNW_TuleC_D2	111.0	Mayberry	Tule	SF_Rest	Oligo	Pond	d2	111.0	s111_MayberryNW_TuleC_D2	55	3.0	0.6395143862426732	59.03209719163137	1.856553198	164.94511930000002	8.884481170681758	6.48	58.41	47.2	14.78	1.037	0.083	0.22	23.33	13.9	16.463731775284423	454.8635236976547	27.628215152320568	628.0980422009304	0.009429918559794257	30100.0	387.0	42.0	61.0	1527.576	17.3	74.55	777787.29	28824.74	143436.13	633.29	123036.21	435.05	6.27	NA
56	57	MayberryNW_CattailA_D1	MayberryNW_CattailA_D1	29.0	Mayberry	Cattail	SF_Rest	Oligo	Pond	d1	29.0	s029_MayberryNW_CattailA_D1	56	3.7	0.4222189986324331	71.58376014549876	9.783608475	775.7762525	7.929346871170661	6.33	81.76	180.9	18.03	1.26	0.102	0.2	22.8	12.9	15.141842200205367	413.6197374628813	27.31634182908546	499.1628835442224	0.008771929824561403	NA	NA	NA	NA	1200.494	13.7775	125.3	559893.14	14412.34	208159.83	992.74	142815.83	261.83	7.17	1.23
57	58	MayberryNW_CattailA_D2	MayberryNW_CattailA_D2	112.0	Mayberry	Cattail	SF_Rest	Oligo	Pond	d2	112.0	s112_MayberryNW_CattailA_D2	57	3.7	0.5417149416416123	59.63416584458084	9.783608475	775.7762525	7.929346871170661	6.37	57.69	47.4	15.73	1.087	0.11199999999999999	0.19	17.89	22.8	17.272782071815957	370.70289734410136	21.461678599475775	357.3510183683669	0.010620458356623811	29870.0	412.0	40.0	61.0	1200.494	13.7775	125.3	559893.14	14412.34	208159.83	992.74	142815.83	261.83	7.17	1.23
58	59	MayberryNW_CattailB_D1	MayberryNW_CattailB_D1	30.0	Mayberry	Cattail	SF_Rest	Oligo	Pond	d1	30.0	s030_MayberryNW_CattailB_D1	58	3.7	0.4440623430534658	71.2350008648268	19.22591127	868.7915088	4.51885737221547	6.39	114.07	232.4	17.44	1.265	0.115	0.18	27.07	11.4	14.85152246804066	361.25663069722316	24.32455200970943	524.5456464314427	0.006649427410417436	NA	NA	NA	NA	2109.3955	4.2655	152.1	1066717.9	23214.02	220804.16	1122.42	188097.06	907.66	9.5	NA
59	60	MayberryNW_CattailB_D2	MayberryNW_CattailB_D2	113.0	Mayberry	Cattail	SF_Rest	Oligo	Pond	d2	113.0	s113_MayberryNW_CattailB_D2	59	3.7	0.5863010623127791	57.011128938895475	19.22591127	868.7915088	4.51885737221547	6.53	75.2	40.4	15.1	1.0190000000000001	0.10099999999999999	0.2	39.39	19.9	16.28533428916852	363.3303300357511	22.310277675872115	867.7182837152853	0.005077430820005078	32530.0	475.0	43.0	63.0	2109.3955	4.2655	152.1	1066717.9	23214.02	220804.16	1122.42	188097.06	907.66	9.5	NA
60	61	MayberryNW_CattailC_D1	MayberryNW_CattailC_D1	31.0	Mayberry	Cattail	SF_Rest	Oligo	Pond	d1	31.0	s031_MayberryNW_CattailC_D1	60	3.2	0.49846879083829015	63.95878092491305	16.26307373	1304.652219	8.022174901619906	6.27	82.12	138.1	17.1	1.235	0.085	0.12	10.69	9.5	15.165074390310904	487.2420281408708	32.12922110373385	281.52786631894134	0.011225444340505144	NA	NA	NA	NA	1552.9170000000001	23.5405	94.79	743017.54	14087.7	193011.09	36.14	124685.81	119.59	10.28	NA
61	62	MayberryNW_CattailC_D2	MayberryNW_CattailC_D2	114.0	Mayberry	Cattail	SF_Rest	Oligo	Pond	d2	114.0	s114_MayberryNW_CattailC_D2	61	3.2	0.5929274886455461	54.51291114418745	16.26307373	1304.652219	8.022174901619906	6.37	60.94	34.0	15.24	1.0490000000000002	0.09	NA	15.72	16.9	16.764546702859526	432.09272981248677	25.774197028469896	NA	NA	30990.0	472.0	43.0	63.0	1552.9170000000001	23.5405	94.79	743017.54	14087.7	193011.09	36.14	124685.81	119.59	10.28	NA
62	63	Browns_TuleA_D1	Browns_TuleA_D1	31.5	Browns	Tule	SF_Ref	Oligo	Ref	d1	31.5	NA	62	2.601674251	0.4975326475059604	69.55912074244	1.0925126459999999	1.091748797	0.09993008328070191	5.74	62.39	106.0	5.39	0.389	0.09	0.25	15.64	24.8	18.197220243054836	173.9259197587397	9.55782902199694	390.8373035704371	0.0159846547314578	NA	NA	NA	NA	1410.092	173.628	9.052999999999999	701808.98	19522.06	74944.69	8536.98	94484.69	840.98	13.35	8.48
63	64	Browns_TuleA_D2	Browns_TuleA_D2	115.0	Browns	Tule	SF_Ref	Oligo	Ref	d2	115.0	s115_Browns_TuleA_D2	63	2.601674251	0.4975326475059604	69.55912074244	1.0925126459999999	1.091748797	0.09993008328070191	5.74	62.39	106.0	5.39	0.389	0.09	0.25	15.64	24.8	18.197220243054836	173.9259197587397	9.55782902199694	390.8373035704371	0.0159846547314578	42340.0	927.0	62.0	120.0	1410.092	173.628	9.052999999999999	701808.98	19522.06	74944.69	8536.98	94484.69	840.98	13.35	8.48
64	65	Browns_TuleB_D1	Browns_TuleB_D1	32.0	Browns	Tule	SF_Ref	Oligo	Ref	d1	32.0	s032_Browns_TuleB_D1	64	2.879273163	0.3885361944201683	73.1164654052939	2.701849321	1.8510689390000001	0.0685111832333747	6.05	71.29	126.5	7.23	0.524	0.098	0.15	12.59	14.8	16.33543615553427	193.1470641707686	11.82380821251182	287.77825373027775	0.011914217633042097	NA	NA	NA	NA	1472.661	197.09400000000002	8.675	719536.26	19647.19	61483.98	17.23	84484.99	43.23	15.07	6.84
65	66	Browns_TuleB_D2	Browns_TuleB_D2	116.0	Browns	Tule	SF_Ref	Oligo	Ref	d2	116.0	s116_Browns_TuleB_D2	65	2.879273163	0.41876811732894204	70.09327311441652	2.701849321	1.8510689390000001	0.0685111832333747	5.66	80.26	134.7	5.92	0.41100000000000003	0.094	0.56	8.68	18.8	20.117331618765522	194.50757018832027	9.668656553182375	217.59992344253408	0.06451612903225808	43100.0	1315.0	61.0	116.0	1472.661	197.09400000000002	8.675	719536.26	19647.19	61483.98	17.23	84484.99	43.23	15.07	6.84
66	67	Browns_TuleC_D1	Browns_TuleC_D1	33.0	Browns	Tule	SF_Ref	Oligo	Ref	d1	33.0	s033_Browns_TuleC_D1	66	2.741693348	0.3527057672690288	80.3706584432705	0.9669418240000001	0.781500622	0.08082188634339185	6.21	82.66	137.7	8.38	0.557	0.095	0.13	13.4	15.4	16.70758417590578	216.61943218716178	12.96533537742407	315.27447554418285	0.009701492537313432	NA	NA	NA	NA	1815.0105	205.3085	8.609	870858.57	22817.17	74802.18	0.71	107983.69	7.32	17.08	5.9
67	68	Browns_TuleC_D2	Browns_TuleC_D2	117.0	Browns	Tule	SF_Ref	Oligo	Ref	d2	117.0	s117_Browns_TuleC_D2	67	2.741693348	0.4024314983922033	75.39808533095305	0.9669418240000001	0.781500622	0.08082188634339185	6.13	73.58	128.2	5.78	0.397	0.07400000000000001	NA	10.58	10.3	18.85864489876723	223.7285641315281	11.863448584588015	NA	NA	33960.0	425.0	63.0	115.0	1815.0105	205.3085	8.609	870858.57	22817.17	74802.18	0.71	107983.69	7.32	17.08	5.9
68	69	Browns_ThreeSqA_D1	Browns_ThreeSqA_D1	34.0	Browns	ThreeSq	SF_Ref	Oligo	Ref	d1	34.0	s034_Browns_ThreeSqA_D1	68	4.865336514	0.35683581138224935	74.45092854765447	11.35477446	2.967183697	0.02613159519330514	6.25	88.98	175.1	8.18	0.599	0.09300000000000001	0.43	16.38	23.5	15.75025758941894	224.32811141758046	14.242821753485773	400.128407378492	0.026251526251526252	NA	NA	NA	NA	1575.5020000000002	61.611999999999995	10.51	740570.67	11945.29	72503.11	1572.14	100411.18	429.71	11.7	1.24
69	70	Browns_ThreeSqA_D2	Browns_ThreeSqA_D2	118.0	Browns	ThreeSq	SF_Ref	Oligo	Ref	d2	118.0	s118_Browns_ThreeSqA_D2	69	4.865336514	0.37115329764141364	73.01917992173804	11.35477446	2.967183697	0.02613159519330514	6.05	98.67	175.0	7.18	0.5	0.095	0.42	28.53	22.0	19.40525185246857	225.84883155353208	11.63854163143992	674.5895097564	0.014721345951629862	40070.0	621.0	57.0	113.0	1575.5020000000002	61.611999999999995	10.51	740570.67	11945.29	72503.11	1572.14	100411.18	429.71	11.7	1.24
70	71	Browns_ThreeSqB_D1	Browns_ThreeSqB_D1	35.0	Browns	ThreeSq	SF_Ref	Oligo	Ref	d1	35.0	s035_Browns_ThreeSqB_D1	70	4.348960689	0.34802505060737887	75.33200462514151	3.668625483	1.012024245	0.027585924202118944	6.23	78.87	145.7	8.37	0.5920000000000001	0.10800000000000001	0.38	24.57	18.4	16.428968828123768	199.14088011915004	12.121325580595947	511.400814143193	0.015466015466015465	NA	NA	NA	NA	1593.2920000000001	22.508000000000003	19.96	735115.74	13579.15	74038.84	2940.1	103892.89	444.01	11.57	NA
71	72	Browns_ThreeSqB_D2	Browns_ThreeSqB_D2	119.0	Browns	ThreeSq	SF_Ref	Oligo	Ref	d2	119.0	s119_Browns_ThreeSqB_D2	71	4.348960689	0.4019909603534598	69.93541365053342	3.668625483	1.012024245	0.027585924202118944	5.93	82.06	156.8	6.43	0.45899999999999996	0.081	0.25	13.87	8.5	18.470884260234218	231.45550734871637	12.530829823183646	385.89068781305997	0.018024513338139873	41180.0	514.0	61.0	122.0	1593.2920000000001	22.508000000000003	19.96	735115.74	13579.15	74038.84	2940.1	103892.89	444.01	11.57	NA
72	73	Browns_ThreeSqC_D1	Browns_ThreeSqC_D1	36.0	Browns	ThreeSq	SF_Ref	Oligo	Ref	d1	36.0	s036_Browns_ThreeSqC_D1	72	4.143776503	0.37398008339001787	74.57207650830894	1.208837148	-0.039032977	-0.003228969019075844	6.22	82.66	143.6	7.37	0.556	0.099	0.42	15.86	15.7	15.479165081888365	192.23802423536003	12.419146847932454	364.02719275282993	0.02648171500630517	NA	NA	NA	NA	1488.0929999999998	8.8065	19.15	701542.46	15138.08	72569.68	5699.23	100987.7	266.77	11.23	NA
73	74	Browns_ThreeSqC_D2	Browns_ThreeSqC_D2	120.0	Browns	ThreeSq	SF_Ref	Oligo	Ref	d2	120.0	s120_Browns_ThreeSqC_D2	73	4.143776503	0.41764841648046896	70.20524319926383	1.208837148	-0.039032977	-0.003228969019075844	5.98	93.98	141.9	6.51	0.461	0.08800000000000001	0.6	19.2	17.6	18.26426643255974	211.57904496635658	11.5843166079298	498.0777468408653	0.03125	43760.0	487.0	63.0	121.0	1488.0929999999998	8.8065	19.15	701542.46	15138.08	72569.68	5699.23	100987.7	266.77	11.23	NA
74	75	RushSE_TuleA_D1	RushSE_TuleA_D1	42.0	RushRanch	Tule	SF_Rest	Meso	Ref	d1	42.0	s042_RushSE_TuleA_D1	74	6.3681657970000005	0.35830427151139427	76.1396576961713	1.512147379	23.45905848	1.5513738148667584	6.94	165.13	741.1	6.74	0.544	0.10400000000000001	NA	27.8	29.6	15.306125634834732	177.04472822989183	11.566919836784905	NA	NA	NA	NA	NA	NA	1837.17	134.596	12.19	873570.11	29368.2	98217.43	5951.83	120862.5	80.0	9.07	10.53
75	76	RushSE_TuleA_D2	RushSE_TuleA_D2	127.0	RushRanch	Tule	SF_Rest	Meso	Ref	d2	127.0	s127_RushSE_TuleA_D2	75	6.3681657970000005	0.4254863224197808	69.42145260533265	1.512147379	23.45905848	1.5513738148667584	6.72	149.79	751.0	5.93	0.44299999999999995	0.066	0.17	30.62	19.0	17.084683284115222	253.58227180639972	14.842667410883301	1032.7147357057402	0.005551926845199217	47250.0	932.0	54.0	141.0	1837.17	134.596	12.19	873570.11	29368.2	98217.43	5951.83	120862.5	80.0	9.07	10.53
76	77	RushSE_TuleB_D1	RushSE_TuleB_D1	43.0	RushRanch	Tule	SF_Rest	Meso	Ref	d1	43.0	s043_RushSE_TuleB_D1	76	6.473276176000001	0.31182750842395335	82.62290916634673	4.661104515	145.4819003	3.121189405468631	7.17	233.28	644.3	7.22	0.54	0.1	NA	25.94	35.5	15.916211065782292	190.05776371659314	11.941143713857358	NA	NA	NA	NA	NA	NA	2489.4485	136.23	20.76	1171654.91	39718.65	113830.35	7973.61	157657.2	217.33	10.96	4.0
77	78	RushSE_TuleB_D2	RushSE_TuleB_D2	128.0	RushRanch	Tule	SF_Rest	Meso	Ref	d2	128.0	s128_RushSE_TuleB_D2	77	6.473276176000001	0.39376758363024744	74.42890164571732	4.661104515	145.4819003	3.121189405468631	6.8	179.55	730.1	6.17	0.46	0.08	NA	20.23	14.4	16.808217467321622	213.7182790775123	12.715106732348112	NA	NA	47330.0	843.0	51.0	139.0	2489.4485	136.23	20.76	1171654.91	39718.65	113830.35	7973.61	157657.2	217.33	10.96	4.0
78	79	RushSE_TuleC_D1	RushSE_TuleC_D1	44.0	RushRanch	Tule	SF_Rest	Meso	Ref	d1	44.0	s044_RushSE_TuleC_D1	78	7.180456676	0.3487225691687229	73.42667760757581	6.161317625	26.11238599	0.423811716572557	7.09	196.72	512.7	6.77	0.5329999999999999	0.12	0.2	17.71	34.6	15.228179672073585	149.57056031970694	9.821959258466004	330.39157207110736	0.01129305477131564	NA	NA	NA	NA	3413.2325	318.9515	18.71	1587197.8	46547.33	146034.22	4829.86	213406.24	19.56	19.84	15.13
79	80	RushSE_TuleC_D2	RushSE_TuleC_D2	129.0	RushRanch	Tule	SF_Rest	Meso	Ref	d2	129.0	s129_RushSE_TuleC_D2	79	7.180456676	0.36280143065690124	72.01879145875799	6.161317625	26.11238599	0.423811716572557	6.83	210.45	570.7	5.07	0.397	0.084	0.36	12.16	24.4	16.773031522112287	175.297187895223	10.451133276898965	329.9435656321499	0.029605263157894735	40220.0	774.0	52.0	140.0	3413.2325	318.9515	18.71	1587197.8	46547.33	146034.22	4829.86	213406.24	19.56	19.84	15.13
80	81	RushSE_CattailNLA_D1	RushSE_CattailNLA_D1	45.0	RushRanch	CattailNL	SF_Rest	Meso	Ref	d1	45.0	s045_RushSE_CattailNLA_D1	80	6.488424734	0.360800653730941	79.56116979707927	2.031548092	4.844556408	0.23846624291481455	7.09	183.63	624.7	7.29	0.5660000000000001	0.10400000000000001	0.24	30.9	34.9	16.194669021006362	194.89797813542717	12.03469968312547	662.8265400266899	0.007766990291262136	NA	NA	NA	NA	2985.1525	148.5035	16.98	1388465.8	40667.76	132137.2	7636.0	192358.27	31.19	15.54	12.47
81	82	RushSE_CattailNLA_D2	RushSE_CattailNLA_D2	130.0	RushRanch	CattailNL	SF_Rest	Meso	Ref	d2	130.0	s130_RushSE_CattailNLA_D2	81	6.488424734	0.39318019957858946	76.32321521231444	2.031548092	4.844556408	0.23846624291481455	6.88	170.3	632.0	6.04	0.43200000000000005	0.07	0.21	15.03	14.2	18.167588275562217	247.93346575163244	13.647021387265552	481.9495150383991	0.013972055888223553	45980.0	809.0	53.0	138.0	2985.1525	148.5035	16.98	1388465.8	40667.76	132137.2	7636.0	192358.27	31.19	15.54	12.47
82	83	RushSE_CattailNLB_D1	RushSE_CattailNLB_D1	46.0	RushRanch	CattailNL	SF_Rest	Meso	Ref	d1	46.0	s046_RushSE_CattailNLB_D1	82	7.4866462	0.3782753292677672	79.649277404828	2.406824212	2.823401205	0.1173081603102969	7.02	200.33	841.9	6.67	0.524	0.081	0.17	14.43	15.3	15.779052090291279	225.72483453953217	14.30534820773035	399.008784849198	0.011781011781011782	NA	NA	NA	NA	2950.139	269.369	17.78	1434498.8	41970.3	125532.96	6301.25	184637.59	23.59	17.4	20.83
83	84	RushSE_CattailNLB_D2	RushSE_CattailNLB_D2	131.0	RushRanch	CattailNL	SF_Rest	Meso	Ref	d2	131.0	s131_RushSE_CattailNLB_D2	83	7.4866462	0.38179963357771535	79.2968469738332	2.406824212	2.823401205	0.1173081603102969	6.85	190.52	758.2	6.23	0.43799999999999994	0.068	NA	22.97	16.7	18.424594806359014	262.43110482058114	14.243521096594558	NA	NA	45910.0	855.0	52.0	136.0	2950.139	269.369	17.78	1434498.8	41970.3	125532.96	6301.25	184637.59	23.59	17.4	20.83
84	85	RushSE_CattailNLC_D1	RushSE_CattailNLC_D1	47.0	RushRanch	CattailNL	SF_Rest	Meso	Ref	d1	47.0	s047_RushSE_CattailNLC_D1	84	7.406254334	0.3505214328269255	78.75351672604951	1.059730791	1.059207735	0.09995064255899308	6.99	198.08	579.6	6.51	0.551	0.127	0.15	25.42	18.2	14.519059283376201	139.29596033032712	9.594007270830279	445.69896716433686	0.0059008654602675055	NA	NA	NA	NA	2869.2955	314.309	13.01	1360110.13	36362.68	108370.78	918.46	161250.03	21.86	16.49	24.09
85	86	RushSE_CattailNLC_D2	RushSE_CattailNLC_D2	132.0	RushRanch	CattailNL	SF_Rest	Meso	Ref	d2	132.0	s132_RushSE_CattailNLC_D2	85	7.406254334	0.416528715631996	72.15278844554246	1.059730791	1.059207735	0.09995064255899308	6.73	173.77	372.9	5.55	0.436	0.08800000000000001	0.37	17.21	18.3	16.636802350139284	182.27446810121026	10.956099872141849	442.23266613446526	0.021499128413712956	42870.0	819.0	52.0	144.0	2869.2955	314.309	13.01	1360110.13	36362.68	108370.78	918.46	161250.03	21.86	16.49	24.09
86	87	RushMan_CattailNLA_D1	NA	37.0	RushRanch	CattailNL	SF_Rest	Meso	Restored	d1	37.0	s037_RushMan_CattailNLA_D1	86	8.155155217	0.2650937648139119	79.95398288162559	5.134738102	29.40738992	0.5727145053132449	6.2	286.54	676.9	10.51	0.7509999999999999	0.12300000000000001	0.32	23.03	36.8	16.30479428477735	220.14169937719694	13.50165451536717	420.239038436647	0.013894919669995658	NA	NA	NA	NA	1898.7160000000001	424.22	10.64	1017459.48	29406.96	77463.11	634.84	109434.21	24.76	11.85	36.7
87	88	RushMan_CattailNLA_D2	RushMan_CattailNLA_D2	121.0	RushRanch	CattailNL	SF_Rest	Meso	Restored	d2	121.0	s121_RushMan_CattailNLA_D2	87	8.155155217	0.20760355075788275	85.7030042872285	5.134738102	29.40738992	0.5727145053132449	6.27	236.74	629.6	15.5	0.848	0.07	0.71	45.93	9.0	22.292209931776377	597.1770400941994	26.788597537965707	1474.942610327489	0.01545830611800566	40570.0	417.0	53.0	102.0	1898.7160000000001	424.22	10.64	1017459.48	29406.96	77463.11	634.84	109434.21	24.76	11.85	36.7
88	89	RushMan_CattailNLB_D1	NA	38.0	RushRanch	CattailNL	SF_Rest	Meso	Restored	d1	38.0	s038_RushMan_CattailNLB_D1	88	7.731226222	0.2338522755663505	95.92715793640099	2.591502904	24.63178651	0.9504826898700631	6.3	239.15	770.7	13.22	0.838	0.06	0.78	38.61	10.0	18.383354439019605	567.7664085699221	30.884809975964398	1453.2801813379026	0.020202020202020204	NA	NA	NA	NA	3371.94	444.71	17.77	1713573.29	54383.25	110713.13	623.05	199451.38	44.13	18.58	25.84
89	90	RushMan_CattailNLB_D2	RushMan_CattailNLB_D2	122.0	RushRanch	CattailNL	SF_Rest	Meso	Restored	d2	122.0	s122_RushMan_CattailNLB_D2	89	7.731226222	0.3364609270903616	85.66629278399988	2.591502904	24.63178651	0.9504826898700631	6.44	206.7	434.2	13.9	0.866	0.057999999999999996	0.29	32.92	11.5	19.20293426176121	634.0297830437042	33.01733862132973	1267.521990236409	0.008809234507897933	28650.0	270.0	48.0	80.0	3371.94	444.71	17.77	1713573.29	54383.25	110713.13	623.05	199451.38	44.13	18.58	25.84
90	91	RushMan_CattailNLC_D1	RushMan_CattailNLC_D1	39.0	RushRanch	CattailNL	SF_Rest	Meso	Restored	d1	39.0	s039_RushMan_CattailNLC_D1	90	8.391195087	0.27959480858921915	89.5173294726828	1.501278568	6.984720829	0.4652514848263657	6.36	262.17	836.6	8.7	0.653	0.077	0.34	36.53	22.4	16.340821067161126	306.442146646959	18.753167015750012	1059.9784430604736	0.0093074185600876	NA	NA	NA	NA	3136.6940000000004	395.166	21.41	1586049.41	50598.08	111180.37	723.68	191270.71	239.08	16.73	20.19
91	92	RushMan_CattailNLC_D2	RushMan_CattailNLC_D2	123.0	RushRanch	CattailNL	SF_Rest	Meso	Restored	d2	123.0	s123_RushMan_CattailNLC_D2	91	8.391195087	0.2514003741096342	92.33677292064131	1.501278568	6.984720829	0.4652514848263657	6.6	233.85	629.3	10.56	0.606	0.061	0.71	32.34	9.8	22.3036927371032	489.9725251852468	21.96822431875397	1199.3784723563278	0.021954236239950523	44950.0	437.0	63.0	114.0	3136.6940000000004	395.166	21.41	1586049.41	50598.08	111180.37	723.68	191270.71	239.08	16.73	20.19
92	93	RushMan_ThreeSqA_D1	RushMan_ThreeSqA_D1	40.0	RushRanch	ThreeSq	SF_Rest	Meso	Restored	d1	40.0	s040_RushMan_ThreeSqA_D1	92	10.69236377	0.32610828317988894	83.03040685218448	3.337470381	2.189804575	0.06561270438432694	6.58	226.06	415.9	10.41	0.7759999999999999	0.162	0.42	30.15	32.2	15.208442947916302	161.09558008039954	10.59250974160186	417.7294024945199	0.013930348258706468	NA	NA	NA	NA	3848.8905	554.447	14.83	1909814.27	48827.3	129093.71	12.15	227325.69	26.09	23.44	52.35
93	94	RushMan_ThreeSqA_D2	RushMan_ThreeSqA_D2	124.0	RushRanch	ThreeSq	SF_Rest	Meso	Restored	d2	124.0	s124_RushMan_ThreeSqA_D2	93	10.69236377	0.3480801178622218	80.8332233839512	3.337470381	2.189804575	0.06561270438432694	6.17	233.56	591.7	10.66	0.677	0.16	0.31	21.19	25.3	19.378930957798776	181.322069353093	9.35666006282573	297.4630988077391	0.0146295422369042	44060.0	2561.0	52.0	124.0	3848.8905	554.447	14.83	1909814.27	48827.3	129093.71	12.15	227325.69	26.09	23.44	52.35
94	95	RushMan_ThreeSqB_D1	RushMan_ThreeSqB_D1	40.5	RushRanch	ThreeSq	SF_Rest	Meso	Restored	d1	NA	NA	94	11.50069077	0.3215193452763107	74.3114248353857	7.059739100000001	3.234016645	0.045809294071504705	6.64	254.49	657.2	9.24	0.706	0.153	0.49	30.47	18.2	15.477501383882528	157.93060065310502	10.203882185891182	447.94443114577166	0.01608139153265507	NA	NA	NA	NA	2369.507	544.8385	10.11	1283900.32	30529.71	86651.63	4.55	131843.52	12.69	15.29	36.51
95	96	RushMan_ThreeSqB_D2	RushMan_ThreeSqB_D2	125.0	RushRanch	ThreeSq	SF_Rest	Meso	Restored	d2	125.0	s125_RushMan_ThreeSqB_D2	95	11.50069077	0.2949035054355565	76.97300881946111	7.059739100000001	3.234016645	0.045809294071504705	6.04	304.91	940.6	8.85	0.586	0.134	0.35	15.71	7.4	18.686756991529098	180.7086414567741	9.670412128690451	265.31106514972794	0.02227880330999363	50520.0	1224.0	56.0	126.0	2369.507	544.8385	10.11	1283900.32	30529.71	86651.63	4.55	131843.52	12.69	15.29	36.51
96	97	RushMan_ThreeSqC_D1	NA	41.0	RushRanch	ThreeSq	SF_Rest	Meso	Restored	d1	41.0	s041_RushMan_ThreeSqC_D1	96	11.68654142	0.272252507943494	60.88235695435414	5.4040557289999995	2.293964275	0.04244893816860193	6.52	281.12	513.1	7.11	0.59	0.156	0.28	15.57	36.6	14.468550721160971	121.00536047085046	8.363336646694968	224.9154497842654	0.017983301220295442	NA	NA	NA	NA	3580.0440000000003	567.198	13.22	1885203.29	42105.33	119685.61	189.38	206931.57	13.27	21.42	84.91
97	98	RushMan_ThreeSqC_D2	RushMan_ThreeSqC_D2	126.0	RushRanch	ThreeSq	SF_Rest	Meso	Restored	d2	126.0	s126_RushMan_ThreeSqC_D2	97	11.68654142	0.2678471275560587	61.322894993097655	5.4040557289999995	2.293964275	0.04244893816860193	6.18	282.09	703.3	8.02	0.551	0.14400000000000002	0.27	14.08	34.7	19.090658124789115	161.53333980887888	8.46138141246837	220.59924898661777	0.019176136363636364	48830.0	2093.0	57.0	137.0	3580.0440000000003	567.198	13.22	1885203.29	42105.33	119685.61	189.38	206931.57	13.27	21.42	84.91
98	99	RushOxbow_ThreeSqA_D1	RushOxbow_ThreeSqA_D1	48.0	RushRanch	ThreeSq	SF_Rest	Meso	Ref	d1	48.0	s048_RushOxbow_ThreeSqA_D1	98	10.88056066	0.33833321375502157	83.64348895610256	7.306342427000001	4.060652814	0.055577094210561284	6.6	301.43	615.9	9.06	0.7979999999999999	0.135	0.14	16.66	21.0	13.62005880574386	178.03290193865502	13.07137542339941	275.48003775889833	0.008403361344537816	NA	NA	NA	NA	5999.156	722.472	22.81	2972442.74	87374.56	206356.25	7846.38	386650.14	89.69	38.76	56.26
99	100	RushOxbow_ThreeSqA_D2	RushOxbow_ThreeSqA_D2	133.0	RushRanch	ThreeSq	SF_Rest	Meso	Ref	d2	133.0	s133_RushOxbow_ThreeSqA_D2	99	10.88056066	0.4440623430534658	73.07057602625814	7.306342427000001	4.060652814	0.055577094210561284	6.37	238.47	527.8	6.73	0.505	0.095	0.19	28.57	11.2	17.45807597161348	205.21840944046903	11.75492704775432	670.1621520067034	0.006650332516625832	40150.0	529.0	51.0	135.0	5999.156	722.472	22.81	2972442.74	87374.56	206356.25	7846.38	386650.14	89.69	38.76	56.26
100	101	RushOxbow_ThreeSqB_D1	RushOxbow_ThreeSqB_D1	49.0	RushRanch	ThreeSq	SF_Rest	Meso	Ref	d1	49.0	s049_RushOxbow_ThreeSqB_D1	100	10.64716148	0.3152416782242155	82.28149218632052	4.517782461	3.472929527	0.07687243812601094	6.61	257.65	512.3	11.45	0.893	0.139	0.19	27.01	16.8	15.213895474501118	216.13706620250386	14.206556536736771	433.18032658901797	0.007034431691965938	NA	NA	NA	NA	3822.2305	593.163	12.45	1923049.91	59576.53	138386.95	105.51	247285.63	14.45	23.87	47.44
101	102	RushOxbow_ThreeSqB_D2	RushOxbow_ThreeSqB_D2	134.0	RushRanch	ThreeSq	SF_Rest	Meso	Ref	d2	134.0	s134_RushOxbow_ThreeSqB_D2	101	10.64716148	0.43359956463330734	70.44570354541133	4.517782461	3.472929527	0.07687243812601094	6.29	213.05	443.2	6.71	0.5660000000000001	0.11	NA	28.58	7.8	15.947422165723822	181.45393994898618	11.378261518591355	NA	NA	44260.0	754.0	51.0	141.0	3822.2305	593.163	12.45	1923049.91	59576.53	138386.95	105.51	247285.63	14.45	23.87	47.44
102	103	RushOxbow_ThreeSqC_D1	RushOxbow_ThreeSqC_D1	50.0	RushRanch	ThreeSq	SF_Rest	Meso	Ref	d1	50.0	s050_RushOxbow_ThreeSqC_D1	102	11.39901378	0.35039294256562536	80.60194091361085	1.4401653769999998	-0.025984287000000002	-0.0018042571648353135	6.86	268.03	507.0	8.73	0.7809999999999999	0.14	NA	42.25	13.3	13.991185629988559	172.59558499946473	12.336022804924065	NA	NA	NA	NA	NA	NA	4101.8545	571.8495	22.46	1900576.33	59206.06	130227.8	87.02	240175.85	54.17	21.41	29.8
103	104	RushOxbow_ThreeSqC_D2	RushOxbow_ThreeSqC_D2	135.0	RushRanch	ThreeSq	SF_Rest	Meso	Ref	d2	135.0	s135_RushOxbow_ThreeSqC_D2	103	11.39901378	0.4093699725024138	74.704237919932	1.4401653769999998	-0.025984287000000002	-0.0018042571648353135	6.57	231.25	451.3	6.52	0.56	0.121	NA	31.34	17.7	15.68096952793273	160.48251912331057	10.234221732109154	NA	NA	48560.0	1912.0	48.0	139.0	4101.8545	571.8495	22.46	1900576.33	59206.06	130227.8	87.02	240175.85	54.17	21.41	29.8
104	105	Joice_CattailNLA_D1	Joice_CattailNLA_D1	51.0	Joice	CattailNL	SF_Ref	Meso	Ref	d1	51.0	s051_Joice_CattailNLA_D1	104	15.22993672	0.12472733221925845	70.12814904248373	22.39568711	10.45521409	0.04668405143654465	6.93	355.59	637.5	19.19	1.368	0.14	NA	158.57	22.9	16.70844123880595	361.032386978603	21.607783863170457	NA	NA	NA	NA	NA	NA	3860.8835	420.184	36.95	1848404.28	38374.1	142634.91	2960.88	234300.34	224.91	20.22	19.89
105	106	Joice_CattailNLA_D2	Joice_CattailNLA_D2	136.0	Joice	CattailNL	SF_Ref	Meso	Ref	d2	136.0	s136_Joice_CattailNLA_D2	105	15.22993672	0.14868158807593718	67.73272345681585	22.39568711	10.45521409	0.04668405143654465	6.53	339.57	788.5	23.73	1.262	0.07	0.74	53.72	7.8	23.443749595095145	934.6318018007302	39.866993034095195	1722.2421646319697	0.013775130305286671	21930.0	384.0	31.0	59.0	3860.8835	420.184	36.95	1848404.28	38374.1	142634.91	2960.88	234300.34	224.91	20.22	19.89
106	107	Joice_CattailNLB_D1	Joice_CattailNLB_D1	52.0	Joice	CattailNL	SF_Ref	Meso	Ref	d1	52.0	s052_Joice_CattailNLB_D1	106	13.63677096	0.1156412351701734	65.53003326309825	16.45414224	18.55246027	0.11275252151946877	7.11	296.92	485.9	18.42	1.361	0.133	1.87	122.86	26.7	16.460203544742324	372.47218871423	22.628650229128187	2076.0313237581	0.01522057626566824	NA	NA	NA	NA	6565.8375	339.7945	89.31	3843580.62	77963.13	194368.71	1479.19	427702.91	144.68	41.82	21.18
107	108	Joice_CattailNLB_D2	Joice_CattailNLB_D2	137.0	Joice	CattailNL	SF_Ref	Meso	Ref	d2	137.0	s137_Joice_CattailNLB_D2	107	13.63677096	0.1349147743652023	63.602679343595355	16.45414224	18.55246027	0.11275252151946877	6.57	261.58	580.0	23.89	1.35	0.078	0.38	65.2	17.9	23.314981637202933	892.3318795377743	38.272896518773585	1861.1930847762933	0.005828220858895706	21250.0	369.0	31.0	61.0	6565.8375	339.7945	89.31	3843580.62	77963.13	194368.71	1479.19	427702.91	144.68	41.82	21.18
108	109	Joice_CattailNLC_D1	Joice_CattailNLC_D1	53.0	Joice	CattailNL	SF_Ref	Meso	Ref	d1	53.0	s053_Joice_CattailNLC_D1	108	14.36576782	0.13401534253610095	76.54164865652477	11.47645856	35.03068455	0.30523949846423704	6.7	357.85	656.1	19.53	1.42	0.109	1.02	37.87	14.6	16.080157742726445	463.2381479057042	28.80805992809624	789.8162517692662	0.026934248745709006	NA	NA	NA	NA	4497.852	527.93	38.1	2596609.45	53123.81	140893.57	4742.74	267456.08	205.69	45.61	34.38
109	110	Joice_CattailNLC_D2	Joice_CattailNLC_D2	138.0	Joice	CattailNL	SF_Ref	Meso	Ref	d2	138.0	s138_Joice_CattailNLC_D2	109	14.36576782	0.1654954565546482	73.39363725467005	11.47645856	35.03068455	0.30523949846423704	6.45	267.07	681.7	24.01	1.2690000000000001	0.08	0.86	42.23	16.3	24.76641290007406	868.7341811672633	35.07710965945599	1192.3427839651604	0.020364669666114138	21970.0	436.0	34.0	70.0	4497.852	527.93	38.1	2596609.45	53123.81	140893.57	4742.74	267456.08	205.69	45.61	34.38
110	111	Joice_ThreeSqA_D1	Joice_ThreeSqA_D1	54.0	Joice	ThreeSq	SF_Ref	Meso	Ref	d1	54.0	s054_Joice_ThreeSqA_D1	110	13.82762154	0.1385125016816077	76.0919327419741	3.7723802930000003	58.03669104	1.538463424477443	6.53	360.56	624.7	23.95	1.56	0.127	1.05	42.21	17.6	18.337448684859396	498.0947386155867	27.16270661069915	754.0452608341499	0.024875621890547265	NA	NA	NA	NA	4253.4355	489.3505	31.4	2103762.43	59025.3	121421.57	25392.28	215005.48	281.19	27.56	27.76
111	112	Joice_ThreeSqA_D2	Joice_ThreeSqA_D2	139.0	Joice	ThreeSq	SF_Ref	Meso	Ref	d2	139.0	s139_Joice_ThreeSqA_D2	111	13.82762154	0.15650113826363476	74.29306908377139	3.7723802930000003	58.03669104	1.538463424477443	6.29	230.38	680.8	21.24	0.992	0.08800000000000001	2.63	55.41	13.6	35.50268772442465	884.9982213274194	24.92764007606586	1460.021839729486	0.047464356614329545	16730.0	579.0	27.0	53.0	4253.4355	489.3505	31.4	2103762.43	59025.3	121421.57	25392.28	215005.48	281.19	27.56	27.76
112	113	Joice_ThreeSqB_D1	Joice_ThreeSqB_D1	55.0	Joice	ThreeSq	SF_Ref	Meso	Ref	d1	55.0	s055_Joice_ThreeSqB_D1	112	12.46367242	0.1313170470487969	76.81147820525518	6.545249008	0.53288824	0.00814160377013421	6.78	325.35	569.9	21.02	1.49	0.12300000000000001	2.21	100.24	20.7	16.905711151802127	452.8629244330908	26.787570210249115	1843.832526245588	0.02204708699122107	NA	NA	NA	NA	5187.495	646.0055	29.84	3243472.76	79409.83	149080.46	10788.92	292968.26	54.58	36.0	32.11
113	114	Joice_ThreeSqB_D2	NA	140.0	Joice	ThreeSq	SF_Ref	Meso	Ref	d2	140.0	s140_Joice_ThreeSqB_D2	113	12.46367242	0.14930568363082383	75.01261454705248	6.545249008	0.53288824	0.00814160377013421	6.48	274.0	922.5	26.98	1.443	0.109	1.52	89.43	13.9	23.881253341747886	699.1157952305189	29.274669349466816	1847.1017767656147	0.016996533601699653	15340.0	463.0	30.0	56.0	5187.495	646.0055	29.84	3243472.76	79409.83	149080.46	10788.92	292968.26	54.58	36.0	32.11
114	115	Joice_ThreeSqC_D1	Joice_ThreeSqC_D1	56.0	Joice	ThreeSq	SF_Ref	Meso	Ref	d1	56.0	s056_Joice_ThreeSqC_D1	114	12.24863626	0.13854921318483626	79.75941191451388	6.343291229	1.802217626	0.028411396559576124	6.62	384.48	645.9	21.4	1.5619999999999998	0.12300000000000001	4.8	66.9	20.5	16.56693752024793	465.2327913504762	28.082003133160477	1290.4128075335157	0.0717488789237668	NA	NA	NA	NA	3076.63	586.422	18.97	1662642.8	39992.85	86173.05	6256.95	142378.24	221.55	20.24	31.13
115	116	Joice_ThreeSqC_D2	Joice_ThreeSqC_D2	141.0	Joice	ThreeSq	SF_Ref	Meso	Ref	d2	141.0	s141_Joice_ThreeSqC_D2	115	12.24863626	0.153527506502116	78.2615825827859	6.343291229	1.802217626	0.028411396559576124	6.31	299.13	657.3	26.7	1.3359999999999999	0.081	2.16	77.81	15.4	25.78516973213676	940.4670821294472	36.47317787314456	2185.529624958244	0.02775992802981622	18180.0	342.0	29.0	59.0	3076.63	586.422	18.97	1662642.8	39992.85	86173.05	6256.95	142378.24	221.55	20.24	31.13
116	117	Goodyear_PhragA_D1	NA	57.0	Goodyear	Phrag	SF_Rest	Poly	Restored	d1	57.0	s057_Goodyear_PhragA_D1	116	16.0	0.29295779576443925	99.19448172374872	3.2335984680000003	0.20547923899999998	0.006354506938119936	5.73	499.83	1449.2	13.48	0.956	0.21	NA	5.58	30.9	18.10264231288683	182.23539533205673	10.066784294927366	NA	NA	NA	NA	NA	NA	4987.896	1042.029	6.8020000000000005	2763381.87	74826.34	119521.87	56.6	243561.72	10.26	37.61	51.43
117	118	Goodyear_PhragA_D2	Goodyear_PhragA_D2	142.0	Goodyear	Phrag	SF_Rest	Poly	Restored	d2	142.0	s142_Goodyear_PhragA_D2	117	16.0	0.5794910784638689	70.54115345380575	3.2335984680000003	0.20547923899999998	0.006354506938119936	6.21	345.35	889.1	4.89	0.358	0.098	0.14	4.29	17.8	18.33966210675596	148.14958736804186	8.078097977250442	100.06732056712168	0.03263403263403264	40260.0	326.0	63.0	119.0	4987.896	1042.029	6.8020000000000005	2763381.87	74826.34	119521.87	56.6	243561.72	10.26	37.61	51.43
118	119	Goodyear_PhragB_D1	NA	58.0	Goodyear	Phrag	SF_Rest	Poly	Restored	d1	58.0	s058_Goodyear_PhragB_D1	118	18.6	0.40988393354761465	87.50186794543117	1.8528400680000001	3.2992176730000002	0.17806273352892538	5.79	532.33	1609.1	8.97	0.652	0.131	0.17	4.64	18.6	16.687835486182657	183.6658762546546	11.005973567196772	81.28088082458225	0.03663793103448276	NA	NA	NA	NA	8277.032	1243.086	10.64	5192199.52	134150.92	189506.01	730.0	461627.57	118.49	61.24	67.43
119	120	Goodyear_PhragB_D2	NA	143.0	Goodyear	Phrag	SF_Rest	Poly	Restored	d2	143.0	s143_Goodyear_PhragB_D2	119	18.6	0.678428579665017	60.64740333369094	1.8528400680000001	3.2992176730000002	0.17806273352892538	6.55	313.58	743.7	3.98	0.27899999999999997	0.062	NA	4.58	13.4	18.93476678635982	188.41897615357968	9.950953094881129	NA	NA	36970.0	227.0	48.0	86.0	8277.032	1243.086	10.64	5192199.52	134150.92	189506.01	730.0	461627.57	118.49	61.24	67.43
120	121	Goodyear_PhragC_D1	NA	59.0	Goodyear	Phrag	SF_Rest	Poly	Restored	d1	59.0	s059_Goodyear_PhragC_D1	120	18.9	0.34450074629743066	90.36903634758696	4.849115011	1.945438045	0.04011944531294599	5.83	489.0	1387.9	12.11	0.892	0.177	0.13	5.06	9.5	16.407591434309285	182.8473146320205	11.144067998284957	64.90956700826342	0.025691699604743087	NA	NA	NA	NA	6204.648	1006.52	11.97	3341494.39	97398.66	139987.4	403.15	317386.59	80.58	44.5	48.81
121	122	Goodyear_PhragC_D2	Goodyear_PhragC_D2	144.0	Goodyear	Phrag	SF_Rest	Poly	Restored	d2	144.0	s144_Goodyear_PhragC_D2	121	18.9	0.6078690704595971	64.03220393137029	4.849115011	1.945438045	0.04011944531294599	6.08	348.24	752.6	4.92	0.369	0.129	0.33	9.17	67.1	17.28729017370933	109.34923348687477	6.325412044808161	163.02286287642448	0.03598691384950927	41570.0	318.0	68.0	124.0	6204.648	1006.52	11.97	3341494.39	97398.66	139987.4	403.15	317386.59	80.58	44.5	48.81
122	123	White_CordA_D1	NA	60.0	WhiteSlough	Cord	SF_Rest	Poly	Restored	d1	60.0	s060_White_CordA_D1	122	19.97586006	0.4378213875045993	79.20139706543875	1.9197422640000001	2.412674682	0.12567701025516412	7.19	544.97	1287.6	2.47	0.28600000000000003	0.062	0.44	18.31	10.5	11.498707769626094	117.29393217507608	10.200618584716858	669.4593371517007	0.024030584380120155	NA	NA	NA	NA	6120.566	1243.236	4.329	4152958.51	84890.92	117818.46	551.86	258346.62	7.92	56.11	111.64
123	124	White_CordA_D2	White_CordA_D2	145.0	WhiteSlough	Cord	SF_Rest	Poly	Restored	d2	145.0	s145_White_CordA_D2	123	19.97586006	0.46241809466777917	76.74172634912078	1.9197422640000001	2.412674682	0.12567701025516412	6.64	550.44	1593.3	2.49	0.257	0.085	NA	14.41	8.7	16.063349193200658	107.39955041212222	6.68599985721425	NA	NA	51170.0	521.0	50.0	121.0	6120.566	1243.236	4.329	4152958.51	84890.92	117818.46	551.86	258346.62	7.92	56.11	111.64
124	125	White_CordB_D1	NA	61.0	WhiteSlough	Cord	SF_Rest	Poly	Restored	d1	61.0	s061_White_CordB_D1	124	21.84992309	0.45380924716066623	77.60261109983206	0.765682913	0.196761199	0.02569747811519989	7.15	517.89	1163.3	2.57	0.293	0.06	0.18	26.93	11.1	11.502604410121213	124.21233313906698	10.798626877037671	1000.2139049522858	0.00668399554400297	NA	NA	NA	NA	8939.202	1432.118	5.707000000000001	5843914.03	143230.16	179104.4	788.54	446978.29	53.69	76.79	74.62
125	126	White_CordB_D2	White_CordB_D2	146.0	WhiteSlough	Cord	SF_Rest	Poly	Restored	d2	146.0	s146_White_CordB_D2	125	21.84992309	0.48455513111464094	74.5280227044346	0.765682913	0.196761199	0.02569747811519989	6.97	469.56	1289.1	2.44	0.261	0.1	0.47	19.75	8.1	14.78949851524991	85.35837149279827	5.771552795031056	447.6058684943242	0.02379746835443038	53090.0	578.0	48.0	113.0	8939.202	1432.118	5.707000000000001	5843914.03	143230.16	179104.4	788.54	446978.29	53.69	76.79	74.62
126	127	White_CordC_D1	NA	62.0	WhiteSlough	Cord	SF_Rest	Poly	Restored	d1	62.0	s062_White_CordC_D1	126	22.45830664	0.5167511194461462	74.97957419414672	0.60201823	0.166058825	0.027583687125222106	7.04	483.58	1334.8	2.7	0.301	0.057999999999999996	0.23	21.5	9.1	11.894271336546153	136.49869803255064	11.476003377621534	829.3662405250578	0.010697674418604652	NA	NA	NA	NA	7886.9580000000005	1243.684	6.284	5085561.01	130431.28	168095.28	58.29	422158.39	10.42	64.61	66.47
127	128	White_CordC_D2	NA	147.0	WhiteSlough	Cord	SF_Rest	Poly	Restored	d2	147.0	s147_White_CordC_D2	127	22.45830664	0.4888870884956187	77.76597728919945	0.60201823	0.166058825	0.027583687125222106	6.82	486.89	1422.5	3.02	0.275	0.091	0.7	20.89	7.4	15.69043528280894	104.85242008012803	6.682569233436658	525.2013945931274	0.03350885591191958	52780.0	510.0	50.0	116.0	7886.9580000000005	1243.684	6.284	5085561.01	130431.28	168095.28	58.29	422158.39	10.42	64.61	66.47
128	129	White_ThreeSqA_D1	White_ThreeSqA_D1	63.0	WhiteSlough	ThreeSq	SF_Rest	Poly	Restored	d1	63.0	s063_White_ThreeSqA_D1	128	21.5	0.38299275743264566	81.01310974977147	0.7105235459999999	-0.089985596	-0.012664688806808383	6.63	579.27	1080.1	4.41	0.363	0.078	0.28	21.0	18.6	15.93459439040384	163.98540653973177	10.291156619492453	603.9370058560464	0.013333333333333334	NA	NA	NA	NA	10575.312	1563.594	8.599	6596228.75	195228.97	247188.98	854.15	635628.29	22.54	91.7	153.19
129	130	White_ThreeSqA_D2	White_ThreeSqA_D2	148.0	WhiteSlough	ThreeSq	SF_Rest	Poly	Restored	d2	148.0	s148_White_ThreeSqA_D2	129	21.5	0.46651142727777095	72.66124276525893	0.7105235459999999	-0.089985596	-0.012664688806808383	6.34	524.44	1138.1	3.64	0.275	0.057	0.4	13.63	13.2	20.100719794733614	214.4478088068394	10.668663162153262	544.875694984588	0.029347028613352897	47670.0	297.0	58.0	127.0	10575.312	1563.594	8.599	6596228.75	195228.97	247188.98	854.15	635628.29	22.54	91.7	153.19
130	131	White_ThreeSqB_D1	White_ThreeSqB_D1	64.0	WhiteSlough	ThreeSq	SF_Rest	Poly	Restored	d1	64.0	s064_White_ThreeSqB_D1	130	20.38545416	0.4711554324361922	79.5391428951421	1.1079057429999999	4.311355646	0.3891446247336584	6.66	499.83	984.3	4.44	0.34299999999999997	0.078	NA	11.22	21.0	16.251735229101218	158.03432323788667	9.72415074514025	NA	NA	NA	NA	NA	NA	9013.912	1299.4460000000001	6.359	5663846.11	169865.76	208062.21	9.44	525304.96	13.2	73.49	77.14
131	132	White_ThreeSqB_D2	White_ThreeSqB_D2	149.0	WhiteSlough	ThreeSq	SF_Rest	Poly	Restored	d2	149.0	s149_White_ThreeSqB_D2	131	20.38545416	0.5104183851392081	75.61284762484051	1.1079057429999999	4.311355646	0.3891446247336584	6.35	489.78	1076.3	3.7	0.281	0.057999999999999996	0.43	11.9	8.3	18.011478801608607	192.96558614373606	10.713478236251333	470.5975952910245	0.0361344537815126	47480.0	305.0	60.0	133.0	9013.912	1299.4460000000001	6.359	5663846.11	169865.76	208062.21	9.44	525304.96	13.2	73.49	77.14
132	133	White_ThreeSqC_D1	White_ThreeSqC_D1	65.0	WhiteSlough	ThreeSq	SF_Rest	Poly	Restored	d1	65.0	s065_White_ThreeSqC_D1	132	21.03522434	0.45975651068370366	80.67903507039097	1.000972947	0.030212925	0.003018355799779672	6.58	570.24	1007.1	4.26	0.348	0.087	0.16	11.09	17.7	16.018233286154363	141.6859449718984	8.84529163989434	286.2515786441755	0.01442741208295762	NA	NA	NA	NA	11794.1475	1629.8629999999998	11.07	6990584.43	207439.61	249845.61	5.86	660953.38	15.79	103.62	91.22
133	134	White_ThreeSqC_D2	White_ThreeSqC_D2	150.0	WhiteSlough	ThreeSq	SF_Rest	Poly	Restored	d2	150.0	s150_White_ThreeSqC_D2	133	21.03522434	0.5154845725847585	75.10622888028547	1.000972947	0.030212925	0.003018355799779672	6.31	475.34	933.9	4.53	0.297	0.079	NA	20.49	13.7	21.08549486203304	175.29330181510832	8.31345448433107	NA	NA	37810.0	342.0	54.0	123.0	11794.1475	1629.8629999999998	11.07	6990584.43	207439.61	249845.61	5.86	660953.38	15.79	103.62	91.22
134	135	Tolay_CordA_D1	NA	66.0	Tolay	Cord	SF_Rest	Poly	Restored	d1	66.0	s066_Tolay_CordA_D1	134	25.34747986	0.538245704586507	76.50126600297327	1.850363592	0.04584996400000001	0.0024778894374182007	7.06	568.44	1087.0	1.58	0.188	0.081	0.61	24.92	22.0	13.02648990198701	66.85784944048203	5.1324531737658505	697.7187861095908	0.024478330658105937	NA	NA	NA	NA	11632.506000000001	2124.212	6.888	7348680.43	192960.75	234031.33	54.79	591710.92	14.88	127.05	2724.16
135	136	Tolay_CordA_D2	Tolay_CordA_D2	151.0	Tolay	Cord	SF_Rest	Poly	Restored	d2	151.0	s151_Tolay_CordA_D2	135	25.34747986	0.6398998570265737	66.3358507589666	1.850363592	0.04584996400000001	0.0024778894374182007	6.9	547.55	1056.9	1.41	0.151	0.09	0.2	6.76	17.6	17.763021865718017	65.902737305618	3.71010843784457	171.19116632160112	0.02958579881656805	47710.0	270.0	51.0	122.0	11632.506000000001	2124.212	6.888	7348680.43	192960.75	234031.33	54.79	591710.92	14.88	127.05	2724.16
136	137	Tolay_CordB_D1	NA	67.0	Tolay	Cord	SF_Rest	Poly	Restored	d1	67.0	s067_Tolay_CordB_D1	136	29.12979454	0.5002860102481073	76.62608511395061	2.211227723	0.6176620270000001	0.027932990373420712	7.05	768.83	1360.9	1.6	0.183	0.08800000000000001	0.55	39.84	25.3	13.50985640212319	62.12570295411024	4.598546505967795	1016.028292671846	0.013805220883534136	NA	NA	NA	NA	11562.39	2118.3920000000003	5.655	7708580.3	156036.16	223730.52	17.77	488957.81	13.68	129.05	538.96
137	138	Tolay_CordB_D2	Tolay_CordB_D2	152.0	Tolay	Cord	SF_Rest	Poly	Restored	d2	152.0	s152_Tolay_CordB_D2	137	29.12979454	0.664937102228497	60.16097591591163	2.211227723	0.6176620270000001	0.027932990373420712	6.91	472.45	921.6	1.45	0.154	0.099	0.37	8.53	23.1	17.79561916727848	61.21400500719459	3.439835637736687	199.00749480959374	0.04337631887456038	48940.0	309.0	50.0	120.0	11562.39	2118.3920000000003	5.655	7708580.3	156036.16	223730.52	17.77	488957.81	13.68	129.05	538.96
138	139	Tolay_CordC_D1	NA	68.0	Tolay	Cord	SF_Rest	Poly	Restored	d1	68.0	s068_Tolay_CordC_D1	138	28.00479011	0.5180176663075339	74.85291950800794	1.657167157	0.0066647880000000005	0.00040217958531506184	7.02	736.33	1436.6	1.54	0.17800000000000002	0.081	0.17	20.42	18.8	13.692799390820584	66.53947872886069	4.859450345374051	562.7117041126704	0.00832517140058766	NA	NA	NA	NA	12888.823999999999	2163.952	5.602	8259069.38	197738.82	253428.03	783.02	635682.72	15.91	142.54	456.44
139	140	Tolay_CordC_D2	Tolay_CordC_D2	153.0	Tolay	Cord	SF_Rest	Poly	Restored	d2	153.0	s153_Tolay_CordC_D2	139	28.00479011	0.6522716336146208	61.427522777299245	1.657167157	0.0066647880000000005	0.00040217958531506184	6.81	443.56	886.7	1.87	0.182	0.08199999999999999	NA	7.66	27.8	18.261625561184303	89.62912046071591	4.908058166038932	NA	NA	47560.0	323.0	52.0	121.0	12888.823999999999	2163.952	5.602	8259069.38	197738.82	253428.03	783.02	635682.72	15.91	142.54	456.44
140	141	China_Bullhead_CordA_D1	NA	69.0	ChinaCamp	Cord	SF_Ref	Poly	Ref	d1	69.0	s069_China_Bullhead_CordA_D1	140	24.97284088	0.5113912399747668	77.35113730271597	0.483647676	1.705024998	0.35253451688249193	7.15	786.88	1596.0	2.39	0.23600000000000002	0.061	0.34	12.58	10.3	13.19365793220621	112.87546524975056	8.55528207793059	468.864443656392	0.02702702702702703	NA	NA	NA	NA	9645.535	1266.0585	12.28	6095911.29	176404.0	213072.87	1978.66	515041.84	148.12	99.85	58.97
141	142	China_Bullhead_CordA_D2	China_Bullhead_CordA_D2	154.0	ChinaCamp	Cord	SF_Ref	Poly	Ref	d2	154.0	s154_China_Bullhead_CordA_D2	141	24.97284088	0.5627873444948438	72.21152685070827	0.483647676	1.705024998	0.35253451688249193	7.06	576.44	1462.9	2.6	0.212	0.05	0.38	19.73	11.1	18.757911379977163	175.87434851386232	9.376009138288	890.3416434639823	0.01926001013684744	47140.0	373.0	60.0	132.0	9645.535	1266.0585	12.28	6095911.29	176404.0	213072.87	1978.66	515041.84	148.12	99.85	58.97
142	143	China_Bullhead_CordB_D1	NA	70.0	ChinaCamp	Cord	SF_Ref	Poly	Ref	d1	70.0	s070_China_Bullhead_CordB_D1	142	20.28476003	0.5374380515154774	69.23973066435096	0.6896058409999999	1.797594063	0.2606697849880886	7.29	546.77	1276.1	2.19	0.214	0.057	0.26	16.14	14.3	13.950576457561876	115.81991361719594	8.30215969709381	636.9181324124905	0.0161090458488228	NA	NA	NA	NA	11402.776000000002	1679.37	9.169	7463149.32	206130.31	255904.71	2544.84	650939.34	240.08	114.59	123.62
143	144	China_Bullhead_CordB_D2	China_Bullhead_CordB_D2	155.0	ChinaCamp	Cord	SF_Ref	Poly	Ref	d2	155.0	s155_China_Bullhead_CordB_D2	143	20.28476003	0.5866314658418368	64.32038923171501	0.6896058409999999	1.797594063	0.2606697849880886	7.04	466.67	1376.3	2.34	0.193	0.049	0.27	14.95	13.3	18.61055690314966	162.0961737454952	8.709904522957181	687.5957647998158	0.018060200668896322	44950.0	374.0	58.0	128.0	11402.776000000002	1679.37	9.169	7463149.32	206130.31	255904.71	2544.84	650939.34	240.08	114.59	123.62
144	145	China_Bullhead_CordC_D1	NA	71.0	ChinaCamp	Cord	SF_Ref	Poly	Ref	d1	71.0	s071_China_Bullhead_CordC_D1	144	18.07462544	0.5329776038731993	71.52135059001009	0.48348597	2.110978239	0.43661623500677804	7.2	631.62	1575.1	2.22	0.218	0.054000000000000006	0.27	13.47	11.2	13.106162623100081	117.00123652084356	8.927192488411878	563.258291489176	0.0200445434298441	NA	NA	NA	NA	11725.18	1857.096	11.58	7512607.13	231716.12	210408.99	4450.29	757020.56	1008.47	130.45	73.84
145	146	China_Bullhead_CordC_D2	China_Bullhead_CordC_D2	156.0	ChinaCamp	Cord	SF_Ref	Poly	Ref	d2	156.0	s156_China_Bullhead_CordC_D2	145	18.07462544	0.5254884572145594	72.27026525587408	0.48348597	2.110978239	0.43661623500677804	7.03	590.88	1403.0	2.6	0.205	0.05	0.35	17.0	12.5	21.161918647743637	191.86292565148614	9.066423930891697	768.1465695723567	0.020588235294117647	48560.0	388.0	60.0	128.0	11725.18	1857.096	11.58	7512607.13	231716.12	210408.99	4450.29	757020.56	1008.47	130.45	73.84
146	147	China_Galinas_CordA_D1	NA	72.0	ChinaCamp	Cord	SF_Ref	Poly	Ref	d1	72.0	s072_China_Galinas_CordA_D1	146	30.72885644	0.5147870540234146	78.8471310592825	0.930590017	-0.06445833200000001	-0.006926609013902629	7.04	662.31	1502.7	3.1	0.33399999999999996	0.07	0.3	14.69	15.5	11.906219199266943	125.62453465275878	10.55116931330253	474.0435190567981	0.02042205582028591	NA	NA	NA	NA	13175.473999999998	1901.394	7.381	8608200.09	203630.08	276394.59	1103.05	672088.03	62.3	139.56	108.36
147	148	China_Galinas_CordA_D2	China_Galinas_CordA_D2	157.0	ChinaCamp	Cord	SF_Ref	Poly	Ref	d2	157.0	s157_China_Galinas_CordA_D2	147	30.72885644	0.5525815465972855	75.06768180189542	0.930590017	-0.06445833200000001	-0.006926609013902629	6.38	686.2	1907.7	2.77	0.272	0.057999999999999996	0.23	7.59	14.7	16.635228981276967	172.513012497165	10.370341922634744	298.4649793329936	0.030303030303030304	47020.0	299.0	54.0	136.0	13175.473999999998	1901.394	7.381	8608200.09	203630.08	276394.59	1103.05	672088.03	62.3	139.56	108.36
148	149	China_Galinas_CordB_D1	NA	73.0	ChinaCamp	Cord	SF_Ref	Poly	Ref	d1	73.0	s073_China_Galinas_CordB_D1	148	30.81435389	0.5069675038357172	79.62908607805225	0.520913362	3.198531375	0.6140236761674774	6.96	687.59	1528.4	3.02	0.32799999999999996	0.073	0.28	14.98	17.9	11.910690099116461	118.34231862801566	9.935807047552546	462.74985794773846	0.01869158878504673	NA	NA	NA	NA	11509.446000000002	1732.124	8.568999999999999	7338005.06	200320.03	251809.29	1237.93	651909.55	47.16	116.34	97.93
149	150	China_Galinas_CordB_D2	China_Galinas_CordB_D2	158.0	ChinaCamp	Cord	SF_Ref	Poly	Ref	d2	158.0	s158_China_Galinas_CordB_D2	149	30.81435389	0.5473685131388207	75.5889851477419	0.520913362	3.198531375	0.6140236761674774	6.5	625.54	1614.4	2.96	0.28300000000000003	0.057999999999999996	0.34	7.82	18.4	17.84298138955663	192.52096497750628	10.789730750388355	311.4417175648629	0.043478260869565216	49940.0	301.0	56.0	137.0	11509.446000000002	1732.124	8.568999999999999	7338005.06	200320.03	251809.29	1237.93	651909.55	47.16	116.34	97.93
150	151	China_Galinas_CordC_D1	NA	74.0	ChinaCamp	Cord	SF_Ref	Poly	Ref	d1	74.0	s074_China_Galinas_CordC_D1	150	29.14433041	0.4498444048119744	70.65679468897595	1.030480052	2.575811157	0.24996225322370433	7.07	662.31	1359.9	3.09	0.332	0.07200000000000001	NA	15.25	18.0	11.977943411310717	122.1349642457377	10.19665564043375	NA	NA	NA	NA	NA	NA	12448.286	2200.058	8.981	7940544.42	208054.68	248350.94	1800.65	642138.31	191.32	118.34	90.04
151	152	China_Galinas_CordC_D2	China_Galinas_CordC_D2	159.0	ChinaCamp	Cord	SF_Ref	Poly	Ref	d2	159.0	s159_China_Galinas_CordC_D2	151	29.14433041	0.4637213530323952	69.26909986693386	1.030480052	2.575811157	0.24996225322370433	6.74	657.32	1604.8	2.78	0.27899999999999997	0.06	NA	7.54	14.7	17.55541291450579	180.5161934893015	10.282651531377168	NA	NA	49750.0	341.0	56.0	134.0	12448.286	2200.058	8.981	7940544.42	208054.68	248350.94	1800.65	642138.31	191.32	118.34	90.04
152	153	China_Galinas_PWA_D1	China_Galinas_PWA_D1	75.0	ChinaCamp	PW	SF_Ref	Poly	Ref	d1	75.0	s075_China_Galinas_PWA_D1	152	61.50274977	0.35132908589795536	86.01505206467182	2.25845063	0.500025545	0.022140202595440396	6.13	1149.76	2369.1	9.87	0.757	0.1	1.03	69.08	20.1	16.06772501692911	268.9691282990592	16.739714428500037	1552.0102591561363	0.014910248986682108	NA	NA	NA	NA	NA	5070.942	15.57	16184608.04	404339.54	568069.78	431.91	1749490.16	416.85	212.79	334.03
153	154	China_Galinas_PWA_D2	China_Galinas_PWA_D2	160.0	ChinaCamp	PW	SF_Ref	Poly	Ref	d2	160.0	s160_China_Galinas_PWA_D2	153	61.50274977	0.408268627405555	80.32109791391187	2.25845063	0.500025545	0.022140202595440396	5.68	1388.13	2837.7	6.28	0.457	0.11199999999999999	NA	19.47	13.2	19.342783338467818	174.52968707256446	9.02298723087436	NA	NA	38130.0	191.0	52.0	99.0	NA	5070.942	15.57	16184608.04	404339.54	568069.78	431.91	1749490.16	416.85	212.79	334.03
154	155	China_Galinas_PWB_D1	China_Galinas_PWB_D1	76.0	ChinaCamp	PW	SF_Ref	Poly	Ref	d1	76.0	s076_China_Galinas_PWB_D1	154	48.11356023	0.3536051990981301	82.11629042179172	1.536420203	19.85664728	1.2923969133722724	5.71	1259.89	2757.9	10.16	0.7809999999999999	0.099	0.39	42.81	21.7	15.573966501684172	271.68598818086787	17.444880734236055	965.968963570163	0.009110021023125438	NA	NA	NA	NA	18692.84	3813.2659999999996	15.3	12121732.57	253851.85	379273.66	352.48	876722.56	2871.87	231.49	200.53
155	156	China_Galinas_PWB_D2	China_Galinas_PWB_D2	161.0	ChinaCamp	PW	SF_Ref	Poly	Ref	d2	161.0	s161_China_Galinas_PWB_D2	155	48.11356023	0.40059592323077203	77.41721800852753	1.536420203	19.85664728	1.2923969133722724	5.58	1417.01	2823.6	6.93	0.483	0.07200000000000001	0.11	12.5	22.9	20.039963366913664	297.27865197642905	14.834291187739462	387.7012584977352	0.0088	31450.0	189.0	52.0	97.0	18692.84	3813.2659999999996	15.3	12121732.57	253851.85	379273.66	352.48	876722.56	2871.87	231.49	200.53
156	157	China_Galinas_PWC_D1	China_Galinas_PWC_D1	77.0	ChinaCamp	PW	SF_Ref	Poly	Ref	d1	77.0	s077_China_Galinas_PWC_D1	156	48.12376313	0.3424265463650135	85.06973085653469	3.1082175960000002	0.7078086570000001	0.022772171996931195	5.5	1346.55	2913.5	11.62	0.8690000000000001	0.079	0.29	15.12	10.5	15.258317581725764	371.1517395973522	24.324552009709432	431.8074868533184	0.01917989417989418	NA	NA	NA	NA	19777.566000000003	3523.592	16.25	12031093.8	315717.22	400638.71	291.63	1108156.21	912.73	250.03	199.15
157	158	China_Galinas_PWC_D2	China_Galinas_PWC_D2	162.0	ChinaCamp	PW	SF_Ref	Poly	Ref	d2	162.0	s162_China_Galinas_PWC_D2	157	48.12376313	0.4342970831946511	75.88267717357094	3.1082175960000002	0.7078086570000001	0.022772171996931195	5.69	1307.25	2803.1	5.99	0.44299999999999995	0.091	0.42	11.54	15.2	20.348937101111044	219.05654249172696	10.765011528772506	290.94065212291815	0.036395147313691506	32690.0	184.0	51.0	99.0	19777.566000000003	3523.592	16.25	12031093.8	315717.22	400638.71	291.63	1108156.21	912.73	250.03	199.15
158	159	Muzzi_CordA_D1	NA	78.0	Muzzi	Cord	SF_Rest	Poly	Restored	d1	78.0	s078_Muzzi_CordA_D1	158	41.32871182	0.4449801306341814	69.30764694532392	4.488007208	1.385220611	0.030864937305154168	6.06	844.66	1568.9	4.33	0.409	0.078	NA	9.03	15.6	13.914335656862223	161.34048062780062	11.595270130502515	NA	NA	NA	NA	NA	NA	15447.556	2480.732	10.97	9375631.3	238731.89	319674.2	1192.25	891355.7	28.14	177.14	167.6
159	160	Muzzi_CordA_D2	Muzzi_CordA_D2	163.0	Muzzi	Cord	SF_Rest	Poly	Restored	d2	163.0	s163_Muzzi_CordA_D2	159	41.32871182	0.4791218286368041	65.89347714506165	4.488007208	1.385220611	0.030864937305154168	6.07	804.63	1502.9	3.58	0.276	0.096	0.4	6.58	28.5	19.85887936058613	126.25388532733885	6.3575533661740575	160.9529015254278	0.060790273556231005	44490.0	249.0	50.0	122.0	15447.556	2480.732	10.97	9375631.3	238731.89	319674.2	1192.25	891355.7	28.14	177.14	167.6
160	161	Muzzi_CordB_D1	NA	79.0	Muzzi	Cord	SF_Rest	Poly	Restored	d1	79.0	s079_Muzzi_CordB_D1	160	42.11668911	0.40401009303103436	73.40465070563863	3.1855265760000004	0.410961481	0.012900896325782212	6.14	904.23	1639.5	5.07	0.449	0.08800000000000001	0.23	10.7	17.3	14.88244350622175	167.91522543728854	11.282772574751583	274.9489784328615	0.02149532710280374	NA	NA	NA	NA	15133.864	2496.072	12.19	9702837.32	241967.81	270779.58	649.88	977874.28	83.79	136.26	138.42
161	162	Muzzi_CordB_D2	Muzzi_CordB_D2	164.0	Muzzi	Cord	SF_Rest	Poly	Restored	d2	164.0	s164_Muzzi_CordB_D2	161	42.11668911	0.4973307342382029	64.07258658492178	3.1855265760000004	0.410961481	0.012900896325782212	5.83	951.95	1777.8	3.83	0.284	0.091	NA	6.87	29.6	19.874352266291115	137.15830086157288	6.90127149925822	NA	NA	46940.0	281.0	53.0	124.0	15133.864	2496.072	12.19	9702837.32	241967.81	270779.58	649.88	977874.28	83.79	136.26	138.42
162	163	Muzzi_CordC_D1	NA	80.0	Muzzi	Cord	SF_Rest	Poly	Restored	d1	80.0	s080_Muzzi_CordC_D1	162	41.66949307	0.43310395933972085	76.00198955906396	7.07025282	2.6176660480000002	0.03702365551335405	6.21	859.1	1545.5	4.79	0.447	0.085	NA	11.27	18.2	13.566311418112816	157.7620514528349	11.628956950096379	NA	NA	NA	NA	NA	NA	16306.086000000001	2590.766	9.587	10473672.71	191959.01	293733.41	1145.55	728880.8	25.34	202.23	158.27
163	164	Muzzi_CordC_D2	Muzzi_CordC_D2	165.0	Muzzi	Cord	SF_Rest	Poly	Restored	d2	165.0	s165_Muzzi_CordC_D2	163	41.66949307	0.46173893185804954	73.13849230723109	7.07025282	2.6176660480000002	0.03702365551335405	5.87	1003.94	1729.2	3.9	0.305	0.06	0.1	5.51	14.5	18.888308667874124	212.32142758027368	11.240891459032389	206.97897479831514	0.018148820326678767	49480.0	294.0	59.0	130.0	16306.086000000001	2590.766	9.587	10473672.71	191959.01	293733.41	1145.55	728880.8	25.34	202.23	158.27
164	165	Muzzi_PWA_D1	Muzzi_PWA_D1	81.0	Muzzi	PW	SF_Rest	Poly	Restored	d1	81.0	s081_Muzzi_PWA_D1	164	41.67	0.5042692083484133	74.39219014248869	2.226712315	-0.012722211	-0.0005713450684355694	6.02	952.98	1736.8	5.05	0.434	0.087	NA	13.43	11.7	15.584907383285753	171.92018427552526	11.031197045155585	NA	NA	NA	NA	NA	NA	14607.41	2672.388	7.251	9586920.7	194894.65	278539.01	408.0	648753.53	26.49	175.26	190.06
165	166	Muzzi_PWA_D2	Muzzi_PWA_D2	166.0	Muzzi	PW	SF_Rest	Poly	Restored	d2	166.0	s166_Muzzi_PWA_D2	165	41.67	0.5067655905679599	74.14255192053402	2.226712315	-0.012722211	-0.0005713450684355694	5.8	949.06	1745.2	4.74	0.332	0.064	0.36	8.17	11.1	20.97018245323313	240.55394534177006	11.471237595487972	295.0418875383736	0.04406364749082007	39570.0	293.0	56.0	132.0	14607.41	2672.388	7.251	9586920.7	194894.65	278539.01	408.0	648753.53	26.49	175.26	190.06
166	167	Muzzi_PWB_D1	Muzzi_PWB_D1	82.0	Muzzi	PW	SF_Rest	Poly	Restored	d1	82.0	s082_Muzzi_PWB_D1	166	33.82	0.5512232209778264	73.36793920241	1.8865492130000001	0.18963374300000002	0.010051884238866129	5.91	1173.23	2192.2	5.16	0.42100000000000004	0.086	NA	19.49	14.8	15.706048157360106	170.02106596085375	10.825197036033481	NA	NA	NA	NA	NA	NA	18169.916	2721.05	13.52	10889971.84	316477.84	365142.42	480.16	1037196.19	33.46	224.18	200.93
167	168	Muzzi_PWB_D2	Muzzi_PWB_D2	167.0	Muzzi	PW	SF_Rest	Poly	Restored	d2	167.0	s167_Muzzi_PWB_D2	167	33.82	0.5627873444948438	72.21152685070827	1.8865492130000001	0.18963374300000002	0.010051884238866129	5.58	998.17	1874.5	3.58	0.289	0.07	0.29	5.91	8.6	20.942835272972097	191.1998049407091	9.129604585462369	196.06870034370567	0.049069373942470386	41950.0	317.0	57.0	134.0	18169.916	2721.05	13.52	10889971.84	316477.84	365142.42	480.16	1037196.19	33.46	224.18	200.93
168	169	Muzzi_PWC_D1	Muzzi_PWC_D1	83.0	Muzzi	PW	SF_Rest	Poly	Restored	d1	83.0	s083_Muzzi_PWC_D1	168	40.03	0.5800784625155269	68.64683988720864	3.640402049	1.2103357240000001	0.03324730916280176	5.92	1227.39	2549.3	4.19	0.38	0.092	0.24	12.58	9.5	14.853463272701779	135.66744976525143	9.133725062934372	308.47133886472915	0.019077901430842606	NA	NA	NA	NA	18759.406000000003	2930.164	7.612	11518660.57	308227.04	340013.61	654.32	1080745.43	79.04	181.53	189.15
169	170	Muzzi_PWC_D2	Muzzi_PWC_D2	168.0	Muzzi	PW	SF_Rest	Poly	Restored	d2	168.0	s168_Muzzi_PWC_D2	169	40.03	0.6041428528818916	66.24040085057217	3.640402049	1.2103357240000001	0.03324730916280176	5.69	1070.38	2041.5	3.84	0.28800000000000003	0.065	0.12	5.22	12.1	20.732106679987787	203.1303100363129	9.797861508806038	181.8622337183057	0.022988505747126436	41910.0	262.0	52.0	132.0	18759.406000000003	2930.164	7.612	11518660.57	308227.04	340013.61	654.32	1080745.43	79.04	181.53	189.15
