"CH4_H2"	"CH4_ac"	"MOB_I"	"MOB_II"	"MOB_IIa"	"AOA"	"AOB"	"NOB"	"Anamx"	"SOxB"	"SRB_syn"	"SRB"	"FeOB"	"FeRB"	"Methanogen"	"Methanotroph"	"Methanogen_Troph"	"AOA_NOB"	"AO_NOB"
"Sandmound_TuleA_D1"	1599.95215096371	478.490362905034	14683.6730116482	2382.48326529798	2048.53686618718	10721.1746938409	36454.9845238273	21492.1921338178	19.9370984543764	2831.06798052145	12964.0982699583	51138.6575354756	3015.48614122444	5432.85932881758	2078.44251386874	19114.6931431334	0.108735332464146	0.498840445269017	2.19503710575139
"Sandmound_TuleA_D2"	2960.46488635989	906.264761130579	14247.5805477135	2499.09373523887	2290.37821449365	11819.8894906243	37519.361110806	28643.4589654301	21.9700548152868	3086.79270154779	20443.1360056243	65218.1077191788	4921.29227862424	4075.44516823569	3866.72964749047	19037.052497446	0.203115983843047	0.412655800575264	1.72253116011505
"Sandmound_TuleB_D1"	3119.53130944229	608.689035988739	8902.07715133532	1902.15323746481	836.947424484517	4108.65099292399	14532.4507342311	9739.02457581983	304.34451799437	8217.30198584798	9054.2494103325	75249.1820741079	4412.99551091836	4032.5648634254	3728.22034543103	11641.1778132846	0.320261437908497	0.421875	1.9140625
"Sandmound_TuleB_D2"	3038.84139363574	596.228374700684	21771.9522632637	3558.13707482666	2779.19355304028	14665.2947002991	40053.0835585217	33658.0534105225	38.4663467548828	4481.32939694385	23858.7515747161	82414.1479223364	8645.31143315991	6404.64673468799	3635.06976833643	28109.2828911306	0.129319192610332	0.435714285714286	1.62571428571429
"Sandmound_TuleC_D1"	1172.93044103581	244.360508549127	11715.3409527267	2527.38583127954	2262.08013628335	12992.9973259979	40675.5520802061	22250.7697356019	27.9269152627574	2918.36264495815	11163.7843762873	50114.8494390181	2338.87915325593	4398.48915388428	1417.29094958494	16504.8069202896	0.0858714043993233	0.583934734860371	2.41198619391277
"Sandmound_TuleC_D2"	2453.67258499052	530.080714352072	19104.7647152046	2562.96757764043	2191.36460263073	12689.1486466547	40898.186249597	28722.7240683968	21.8589985299824	3847.18374127689	17809.6190523031	64052.3304424808	5962.04184905269	5951.1123497877	2983.75329934259	23859.0968954757	0.125057260650481	0.441780821917808	1.86567732115677
"Sandmound_CattailA_D1"	3563.87298335997	656.911275597556	20271.1440084002	2462.12415105855	2162.11742676991	7753.62206394282	36626.6830118606	20079.760408423	20.6901189164585	4665.62181566138	26545.4225698162	74613.7413424784	4820.79770753482	8788.12800976574	4220.78425895753	24895.3855862287	0.169540826927072	0.386141164348274	2.21020092735703
"Sandmound_CattailA_D2"	2568.1096004584	442.777517320415	13163.5151325728	2734.80231286139	2271.18820649059	7037.5579517633	41777.3610459968	19253.0082825441	20.8365890503724	4542.37641298119	20701.151221545	71823.7224566339	4974.73563577643	5829.0357868417	3010.88711777882	18169.5056519248	0.165711009174312	0.365530303030303	2.53544372294372
"Sandmound_ThreeSqA_D1"	2025.16373664254	449.352440045304	5029.05402078101	2609.93745998917	2154.42950706653	10833.702664106	41697.4442310533	18817.4028660068	24.6220515093318	2363.71694489585	9781.10996208204	48277.6874969223	1514.2561678239	5872.35928497562	2474.51617668784	9793.42098783671	0.25267127592709	0.575727837749427	2.79162577690546
"Sandmound_ThreeSqA_D2"	2793.46571931742	659.327312633926	4676.01870407482	2949.62218809915	2498.50350050751	17532.9013004364	37269.3438825703	26789.5097554416	34.7014375070487	1405.40821903547	11286.6425491676	52824.2632451049	1422.758937789	6714.72815761392	3452.79303195135	10124.1443926815	0.341045415595544	0.654468911917099	2.04566062176166
"Sandmound_ThreeSqB_D1"	1563.08684797738	359.01288027749	6379.38271877693	2767.16081567726	2203.78675739567	12460.5085831695	42534.7414002607	17834.6552371694	22.0931003247686	1971.80920398559	7218.92053111813	46876.0356140777	1331.10929456731	5827.05521065771	1922.09972825487	11350.3302918499	0.169343065693431	0.698668318364819	3.08361721895324
"Sandmound_ThreeSqB_D2"	1925.48517159258	347.455970813699	7658.5086900186	2605.91978110274	2345.32780299246	17162.877224985	41484.7951819439	23880.3593273831	28.9546642344749	2048.5424945891	6239.73014252933	37966.8034774552	1585.2678668375	6312.11680311552	2272.94114240628	12609.7562741138	0.180252583237658	0.718702637162776	2.45589572597757
"Sandmound_ThreeSqC_D1"	743.165886677245	190.812862795509	5387.95267841003	2169.24096651737	1777.57245867395	8988.2901158937	44584.9318095085	16681.0613212284	20.0855645047904	2606.10199449656	6467.55177054251	37901.4602205395	1611.86655150943	7773.11346335388	933.978749472754	9334.76610360134	0.100053792361485	0.538832028898254	3.2116195063215
"Sandmound_ThreeSqC_D2"	1372.13746436515	363.397136681182	8734.06221609599	2756.80586447793	2268.09937032048	10074.8723410921	40650.3555653018	21866.482879609	25.0618714952539	2675.35478211836	13464.4904608252	58506.9390056703	4022.43037498825	6967.20027568059	1735.53460104633	13758.9674508944	0.126138433515483	0.460744985673352	2.31977077363897
"WestPond_TuleA_D1"	13737.8137588076	1594.21620983297	31129.8597352158	708.540537703542	3339.32531195466	196.816816028762	15213.9398790233	1141.53753296682	26.2422421371682	8928.92288717148	36857.2290816527	52517.2870770079	13094.8788264469	11717.1611142456	15332.0299686405	35177.725584874	0.435844834017158	0.172413793103448	13.5
"WestPond_TuleA_D2"	21863.0465761644	2806.32015800395	30138.2534563364	1412.53531338283	5168.87922198055	193.754843871097	10044.0011000275	825.020625515638	25.0006250156254	11437.7859446486	47651.191279782	71614.2903572589	16050.4012600315	10719.0179754494	24669.3667341684	36719.6679916998	0.671829787234043	0.234848484848485	12.4090909090909
"WestPond_TuleB_D1"	15648.4387906823	1896.58020816125	29360.647612754	1724.76457954733	4275.56583512308	231.290269287957	10117.297207996	1519.90748389229	26.4331736329093	10117.297207996	41473.6494300347	70120.6013547002	12905.997026268	9053.36196927144	17545.0189988436	35360.9780274244	0.496168940384975	0.152173913043478	6.80869565217391
"WestPond_TuleB_D2"	20096.7651019322	2513.07424920928	18664.0779131306	1518.80499796448	2309.52306391507	399.273478846334	6278.77117715217	2105.97187862086	31.31556696834	6169.16669276297	64760.5924905271	72714.7465004854	18429.2111608681	12040.8354993267	22609.8393511415	22492.4059750102	1.00522102332057	0.189591078066914	3.17100371747212
"WestPond_TuleC_D1"	13958.7856754133	1503.59910008472	27760.4789075343	1576.53487732763	4033.90952597355	196.365554115542	11995.1301342579	802.29354967207	22.4417776132048	10384.9325905105	32086.1315424795	60755.5024433486	10912.3143644208	9633.13304046814	15462.3847754981	33370.9233108354	0.463349024882313	0.244755244755245	15.1958041958042
"WestPond_TuleC_D2"	17537.5324408992	2552.8424238567	32168.6431748591	2029.54508489438	5077.39850506679	318.221354774381	10777.096548359	1011.23674961637	28.2863426466116	10437.6604365997	39006.8665096774	70800.7156444689	12085.3398957648	9490.06795793821	20090.3748647559	39275.5867648203	0.511523226503421	0.314685314685315	10.972027972028
"WestPond_CattailA_D1"	10626.2863023096	921.849988566202	23260.6334324263	2479.70500800366	6109.93597072948	257.260461925452	16886.2908758289	9425.73747999085	42.876743654242	12591.4703864624	27019.4946261148	56797.3930939858	10776.3549050995	9275.66887720101	11548.1362908758	31850.2744111594	0.362575723580884	0.0272934040940106	1.81880212282032
"WestPond_CattailA_D2"	24423.6879547649	3295.31799450043	22116.2281510096	2130.52997854726	5374.24344069534	353.859650416154	10033.395504508	1356.46199326192	29.4883042013462	13852.1308985823	44424.130279328	72725.5302365699	14301.8275376529	8581.09652259174	27719.0059492654	29621.0015702522	0.935788949726231	0.260869565217391	7.65760869565217
"WestPond_CattailB_D1"	7699.39617333948	594.126633848244	33452.9669956592	1358.00373451027	3861.82312001359	248.563183548755	19169.6777166137	2946.38310255353	24.2500666876834	8578.461090768	27311.6376070034	48960.8846424327	10178.9654921551	8232.89764046852	8293.52280718772	38672.7938501831	0.214453676124785	0.0843621399176954	6.59053497942386
"WestPond_CattailB_D2"	18136.7821435262	2470.04378083218	30993.4987892622	534.251042483365	3170.81462876491	242.841382946984	8742.28978609144	1262.77519132432	27.7533009082268	8992.06949426548	59301.8657156536	73934.7936195161	15049.227417486	9942.62005037223	20606.8259243584	34698.5644605105	0.593881223755248	0.192307692307692	7.11538461538462
"WestPond_CattailC_D1"	8976.39325151387	744.794533855768	32842.2007059357	2260.28949839707	5472.62070528804	233.153071467893	17926.880606198	3788.73741135326	25.9058968297659	15757.2617467051	27518.5389074188	67193.4199022052	8969.91677730644	6049.02690975032	9721.18778536964	40575.1109096208	0.239584996009577	0.0615384615384615	4.79316239316239
"WestPond_CattailC_D2"	22908.4089843583	2713.49216496896	26694.5119265794	1378.0562303769	5007.8847547202	241.515009447499	6293.59701089658	1108.12769040617	28.4135305232352	14320.4193837105	49375.6126667519	84104.0503487761	14838.9663157596	8353.57797383114	25621.9011493273	33080.4529116765	0.774532961133777	0.217948717948718	5.89743589743589
"MayberryNE_TuleA_D1"	19256.3311256747	4871.87489163979	25006.6460926754	1531.49092085948	2051.6199128495	1884.02279320827	4912.32936879457	2450.38547337517	23.116844088445	12621.796872291	52168.9378965984	75921.4951974756	15077.9615566883	11061.409896321	24128.2060173145	28589.7569263844	0.843945825752982	0.768867924528301	2.77358490566038
"MayberryNE_TuleA_D2"	11276.1904761905	7360	4144.76190476191	5257.14285714286	1630.47619047619	11878.0952380952	15474.2857142857	5813.33333333333	68.5714285714286	6506.66666666667	36160	67466.6666666667	6742.85714285714	6514.28571428571	18636.1904761905	11032.380952381	1.68922651933702	2.043250327654	4.70511140235911
"MayberryNE_TuleB_D1"	24635.3172000255	3964.63752300129	24565.6603182159	1456.98977785259	882.320502922686	1584.69406117035	4156.19394797792	1126.11958925659	23.2189606032286	11307.6338137723	57780.3834611344	76129.1670778358	11824.2556871942	5473.86996221114	28599.9547230268	26904.9705989911	1.06299892125135	1.40721649484536	5.0979381443299
"MayberryNE_TuleB_D2"	16437.3130869484	3525.8284869285	9860.1807607844	3150.62295154331	1136.65206307867	6141.23177770176	7575.84117770396	2902.32517077369	22.0709138461878	11173.4001346326	53257.1151108512	89652.0520432149	9529.11705309159	6737.14645154883	19963.1415738769	14147.4557754064	1.41107644305772	2.11596958174905	4.72623574144487
"MayberryNE_TuleC_D1"	18702.7311245483	4029.12710398083	29298.2960277331	1149.43231494445	1088.29229819209	978.240268037833	5502.60150771281	2598.45071197549	24.4560067009458	14349.56193178	45341.4364235536	72671.0239118606	14789.770052397	12986.1395582022	22731.8582285292	31536.0206408697	0.720822024040326	0.376470588235294	2.49411764705882
"MayberryNE_TuleC_D2"	15495.5787732464	3460.35491443375	7455.87895447413	5126.67696461802	1641.99618083851	8726.90562778988	9079.63073330334	5278.713648029	36.4888040186336	8964.08285391099	37638.2013452206	80713.2344892176	7565.34536653003	7163.96852232507	18955.9336876802	14224.5520999307	1.3326207781103	1.65322580645161	3.37327188940092
"MayberryNE_CattailA_D1"	6605.25700108274	1800.93909996572	8727.20941493963	6033.96212042896	440.713193647201	10914.4526722998	7785.93308776722	5370.17187814553	21.7636145010964	5261.35380564004	24734.347880496	59305.8495154875	4940.34049174887	5092.68579325655	8406.19610104846	15201.8847290158	0.552970651395848	2.03242147922999	3.4822695035461
"MayberryNE_CattailA_D2"	1617.13352974768	1657.56186799137	1667.66895255229	9379.37447253653	667.067581020917	9869.56807374129	16464.4407497435	7428.7071522784	35.3747959632305	6170.37512444347	13826.4916793426	48771.7365487338	1697.99020623506	2112.3806732329	3274.69539773904	11714.1110061097	0.279551337359793	1.32857142857143	3.54489795918367
"MayberryNE_CattailB_D1"	6691.73411509783	2381.21447732052	6969.83215624475	6952.45102867307	718.419939629551	10353.3583235323	12427.5062137531	5666.24758836855	28.9685459528045	5677.83500674967	25457.5581833246	63331.0351620211	5266.48165421985	4658.14218921095	9072.94859241836	14640.7031245474	0.619707162643451	1.82719836400818	4.02044989775051
"MayberryNE_CattailB_D2"	1232.52207040119	3638.59386333748	825.612870125198	8208.95082295911	1232.52207040119	12938.5331218192	20363.1517181594	8621.75725802172	35.3834087196514	3903.96942873486	11369.8686685813	43621.8457165435	1928.395775221	2282.22986241751	4871.11593373867	10267.0857634855	0.474439977024699	1.50068399452804	3.8625170998632
"MayberryNE_CattailC_D1"	1019.71993833505	867.163412127441	9297.91880781089	8382.57965056526	1581.77029804728	10558.5174717369	8278.19886947585	5933.64594039054	32.1171634121274	8366.52106885919	14918.4224049332	64362.7954779034	4656.98869475848	5387.65416238437	1886.88335046249	19262.2687564234	0.0979574822842851	1.77943166441137	3.1745602165088
"MayberryNE_CattailC_D2"	1614.71415508201	4763.11738219532	2112.43966525066	7714.74540761405	2222.40227796233	13739.5390830276	19075.61955251	7535.33272371604	34.7250355931614	4844.14246524602	13293.9011262487	48574.5372889007	1973.53952287801	2569.65263389395	6377.83153727733	12049.587350827	0.529298751200769	1.82334869431644	4.35483870967742
"MayberrySE_TuleA_D1"	3890.83053397125	1492.99311187268	15082.6235960775	9704.45522717248	2069.83135964168	5372.51309196611	5774.03775462884	7549.79471344713	22.6211077556468	7764.69523712576	20630.4502731499	64413.6043342043	7600.69220589732	7628.96859059187	5383.82364584394	26856.9101828917	0.200463255422194	0.711610486891384	1.47640449438202
"MayberrySE_TuleA_D2"	3239.81316265445	1552.91796330242	4244.64243302661	10736.4485070673	2338.51175650246	5541.78567296157	7837.66830890279	6309.10984306394	30.4493718294592	4019.31708148861	17825.0622689654	55003.745272735	4640.48426680958	5243.38182903287	4792.73112595687	17319.6026965964	0.276722925457103	0.878378378378379	2.12065637065637
"MayberrySE_TuleB_D1"	2495.46976258485	1896.55701956448	2564.57507908719	12984.1211339415	1574.06554255352	6319.29727571486	15894.2227955404	7156.23944224331	46.0702110015664	7209.98802174514	13153.0452409472	70333.8554623913	3485.97929911852	3071.34740010443	4392.02678214933	17122.7617555822	0.256502242152467	0.883047210300429	3.10407725321888
"MayberrySE_TuleB_D2"	771.156378649644	1827.04742018531	2046.53038949329	12652.8965819976	1334.69373227824	7397.16926289314	19172.1339676589	8203.91747440353	77.1156378649645	3968.48936397395	4804.89743620164	49348.0762614339	3903.2376703959	1227.91823369597	2598.20379883496	16034.1207037692	0.16204217536071	0.901663051337672	3.23861171366594
"MayberrySE_TuleC_D1"	3040.19148003063	1122.4178813805	4809.30045863035	12071.5671480923	877.121258297344	7158.20145542663	13602.8127346114	7529.86300555263	37.1661550125993	7752.85993562822	12443.2286982183	73574.1204629416	4355.87336747664	2861.79393597015	4162.60936141113	17757.98886502	0.23440770196735	0.950641658440276	2.75715695952616
"MayberrySE_TuleC_D2"	792.100121455353	1425.78021861963	983.524317473729	11782.4893066484	957.120980091884	6000.15842002429	16851.9300839626	6468.81765855205	52.8066747636901	4059.51312245868	4191.52980936791	48344.5107461583	3676.66473042193	1108.94017003749	2217.88034007499	13723.134604214	0.161616161616162	0.927551020408163	3.53265306122449
"MayberrySE_CattailA_D1"	5813.51930467551	2091.02868270938	3492.70725023984	11127.2597758463	1436.14607328941	6910.73490466862	12207.24162296	6841.79989315072	45.956674345261	7364.55706382807	15659.7367831477	77684.0133963706	7226.68704079229	3601.85435180983	7904.54798738489	16056.1130993756	0.492307692307692	1.01007556675063	2.79429051217465
"MayberrySE_CattailA_D2"	856.319712044354	3679.27198310583	1908.5769853192	10943.4756420584	827.291925195393	11632.8855797212	19303.4782545592	8120.52337099689	65.3125204101626	2126.2853866864	6168.40470540425	60341.511912278	4361.42497405642	1959.37561230488	4535.59169515019	13679.344552573	0.331564986737401	1.4325290437891	3.80965147453083
"MayberrySE_CattailB_D1"	2769.43856443201	3075.89283180768	2247.33129408827	12082.2432452372	652.634087929675	6821.44498862146	17382.7670550312	7366.25257506711	28.3753951273772	5448.07586445642	9556.83307890062	62528.0207026883	3717.17676168641	1946.55210573807	5845.33139623969	14982.2086272551	0.390151515151515	0.926040061633281	3.28582434514638
"MayberrySE_CattailB_D2"	2059.17335712162	4623.84775498067	2415.99762117157	12303.0032708891	817.722271781147	9834.96877787689	16904.5495093666	7426.40499553969	29.7353553374963	2943.80017841213	6155.21855486173	53925.0669045495	3226.28605411835	944.097531965507	6683.02111210229	15536.7231638418	0.430143540669857	1.32432432432432	3.6006006006006
"MayberrySE_CattailC_D1"	5266.88551128698	1630.0926342297	6424.81338249842	10949.7256947567	826.288335281949	6593.44365500495	10910.3786311719	5441.13679287706	22.4840363342027	6143.76292832089	16952.9633959888	83258.3865455527	5761.53431063945	4637.33249392931	6896.97814551668	18200.8274125371	0.37893761581223	1.21177685950413	3.21694214876033
"MayberrySE_CattailC_D2"	1298.9900644814	2252.75303975378	924.506442288563	11626.5462077682	731.413324595382	10415.3257422382	14171.8645773601	6805.06957203543	40.9591461773414	2913.950685188	8320.55798059707	67594.2938058068	2305.41479912464	2592.12882236603	3551.74310423518	13282.4659746521	0.267400881057269	1.53052450558899	3.61306964746345
"MayberryNW_TuleA_D1"	9566.23064200872	4278.80519220167	5951.48599208139	8125.34455971533	2230.24106650629	11758.8833759334	12328.9730867539	6277.25154112164	25.0588883877111	5713.42655239814	25578.8603217561	39329.9253245126	8256.90372375081	12184.8844785245	13845.0358342104	16307.071618303	0.849020361121782	1.87325349301397	3.83732534930139
"MayberryNW_TuleA_D2"	5417.90030578071	3057.80711546862	1571.37310100471	5763.72372955395	1128.47643547056	17503.5189050138	28157.3071882735	10489.9771877882	24.2683104402272	4896.13163131582	20828.277435325	41668.68902587	7159.151579867	8263.35970489734	8475.70742124933	8463.57326602922	1.00143369175627	1.66859456333141	4.3528050896472
"MayberryNW_TuleB_D1"	9736.60070763988	4534.13707246756	6748.78783907745	7181.23443847465	1507.0108766872	10542.5239156074	12075.7436771065	5870.79019787708	39.3133272179268	6290.13235486831	30035.3819944961	45079.2818765562	9913.51068012055	9664.52627440702	14270.7377801074	15437.0331542393	0.924448217317486	1.79575892857143	3.85267857142857
"MayberryNW_TuleB_D2"	2980.55574244769	3081.4774944493	1924.24140483079	7313.46296171701	1237.97349121981	16692.4577810671	22048.0387539528	9123.32638094597	26.9124672004306	4871.15656327794	17762.2283522842	34602.7047029536	5914.01466729462	6290.78920810066	6062.03323689699	10475.6778577676	0.578676942838792	1.82964601769911	4.24631268436578
"MayberryNW_TuleC_D1"	5327.03608105882	3618.47926239161	7285.774433888	11148.3332418035	1147.17386396227	15315.9914816239	12234.4872193848	7194.24460431655	36.611931828583	3374.39971686773	19379.9159145966	47809.0809794912	4985.32471732538	8609.90596835509	8945.51534345043	19581.2815396538	0.456840137114366	2.12892281594572	3.8295165394402
"MayberryNW_TuleC_D2"	5951.04675662348	3513.47110772403	2359.12493836016	8102.83767427265	1159.94979154525	14322.8582956023	18805.7560407047	7761.01672120859	56.0362218137804	4202.71663603353	19887.2551217107	41237.055632761	6281.66046532478	8343.7934280719	9464.51786434751	11621.9124041781	0.814368370298939	1.84548736462094	4.26859205776173
"MayberryNW_CattailA_D1"	8875.49924683264	3500.19688607484	9356.77631866792	3050.17157215093	606.284103480821	10638.0983930346	22563.7692120182	5781.57521360577	25.001406329106	3637.70462088493	32039.3022107494	44221.2374446063	10544.3431193005	11219.3810901863	12375.6961329075	13013.2319942997	0.951008645533142	1.84	5.7427027027027
"MayberryNW_CattailA_D2"	2671.26901767655	2264.53258288628	1593.96710931317	6172.50021985753	1648.93149239293	14065.3856301117	19100.1231202181	8233.6645853487	65.9572596957172	2385.45422566177	15390.027262334	46142.5995954621	3435.27394248527	6716.6476123472	4935.80160056283	9415.39882156362	0.524226503210741	1.7082777036048	4.02803738317756
"MayberryNW_CattailB_D1"	8749.7820626239	3951.93108658732	6870.67757537404	6883.59238284655	1498.11766681088	14283.7770645934	17066.9180749188	10280.186748116	25.8296149450152	4604.12886394896	27250.243766991	48656.5371526724	8517.31552811877	8175.07313009732	12701.7131492112	15252.3876250315	0.832768839966131	1.38944723618091	3.04962311557789
"MayberryNW_CattailB_D2"	4578.02674330623	3497.1037622478	4450.85933376994	7134.09167498554	1208.0903905947	14185.5245337725	12201.7129450065	7191.31700927686	101.733927629027	3433.52005747967	16938.698950233	41634.6098821794	6084.96054631119	4851.43667380923	8075.13050555403	12793.0413993502	0.631212723658051	1.97259062776304	3.66931918656056
"MayberryNW_CattailC_D1"	6633.45887498481	3905.96525331065	8498.35985906937	5807.3138136314	1852.75179200583	12161.3412708055	17768.1934151379	8042.76515611712	48.596768314907	3669.05600777549	25203.4989673187	50382.6995504799	9105.81946300571	10502.9765520593	10539.4241282955	16158.4254647066	0.652255639097744	1.51208459214501	3.72129909365559
"MayberryNW_CattailC_D2"	1203.5486072337	2382.2817792667	2034.86568645698	6433.40157578014	763.074632421367	15410.3852596315	20330.0452881693	8424.8402506359	74.4463056020845	1823.93448725107	11204.1689931137	30132.1421924437	4547.42850052733	3486.56864569762	3585.8303865004	9231.34189465848	0.388440860215053	1.82916053019146	4.24226804123711
"Browns_TuleA_D2"	1570.40144851955	222.668862103518	15897.3848128117	4799.09994902055	2302.86481070217	14004.6994849318	25149.8620039026	29070.005918304	29.298534487305	4013.89922476078	8643.06767375497	60308.1033886685	7934.04313916218	13682.4156055714	1793.07031062306	22999.3495725344	0.0779617834394905	0.481757710139085	1.34690586575287
"Browns_TuleB_D1"	288.284472056998	76.4836354436933	10048.7730259868	2876.96136399739	900.153555606544	16373.381341523	32340.8110795371	21815.4861711704	23.5334262903672	2312.15913302857	2206.25871472192	33688.0997346606	3406.46345553065	8460.26675138701	364.768107500691	13825.8879455907	0.0263829787234042	0.750539374325782	2.23300970873786
"Browns_TuleB_D2"	733.411748425932	186.812426485851	10883.5535874905	4275.92887289836	1743.58264720127	18951.0828201758	28762.1947000623	25863.1426001522	27.6759150349408	2193.31626651906	3722.41057219954	38552.5496436726	4137.54929772365	11291.7733342559	920.224174911783	16903.0651075901	0.0544412607449856	0.732744783306582	1.84483681112895
"Browns_TuleC_D1"	2022.19250709644	882.070049499143	13728.3881108218	4278.97811246393	1900.20409599549	11668.660708002	29000.3988082671	19405.5410889812	23.4593098271049	4246.13507870599	5550.47270509302	47242.3581298238	3547.04764585826	6803.19984986042	2904.26255659558	19907.5703192812	0.145887343860476	0.601305609284333	2.09574468085106
"Browns_TuleC_D2"	4398.803179258	1904.52486974024	16664.5926102271	4588.17354982876	2310.3185209633	9560.49842281534	27101.6053196843	28930.3820411962	48.6952381467675	5048.07302121489	13558.9185328666	74703.9058991576	8056.35662228186	12433.5174734746	6303.32804899823	23563.0846810192	0.267508610792193	0.330465681690668	1.26725266504582
"Browns_ThreeSqA_D1"	825.703533112397	252.766387687468	16193.8999045105	3988.0918946245	2016.51407066224	14508.7906532607	32135.0334213335	19946.07650396	22.4681233499972	2100.76953322474	5021.62556872437	39869.68488457	2982.64337471213	8790.65326068639	1078.46992079987	22198.5058697972	0.048582995951417	0.727400732188115	2.33849619825401
"Browns_ThreeSqA_D2"	2494.69733113371	793.244773494128	28855.7156734821	4701.98713563911	2391.23062154752	9478.70022820158	30718.1164460335	26717.4036753675	34.4889031953969	5075.61692025591	16364.9845662158	72639.3782800384	6932.26954227477	9271.7668090292	3287.94210462784	35948.9334306687	0.0914614646626159	0.354776247848537	1.50451807228916
"Browns_ThreeSqB_D1"	461.224874403011	213.254511820747	15696.5239514573	3476.54448340334	1889.53416287686	12666.326120702	33560.3088718836	19649.1715310186	19.8376290065811	2321.00259376999	5108.18946919464	45155.4030262303	3541.01677767473	9427.83318537769	674.479386223758	21062.6025977375	0.0320226041911938	0.644623927309439	2.35259969712266
"Browns_ThreeSqB_D2"	1179.2068339655	581.452217669627	25105.6938844269	3912.57567030029	2227.994478921	7292.60631880971	29849.691884666	32186.3690210953	32.6047972525024	5569.9861973025	16682.7879275304	78610.1661757833	7390.42071056721	7743.63934746932	1760.65905163513	31246.2640336482	0.0563478260869565	0.226574371095728	1.15397602566267
"Browns_ThreeSqC_D1"	590.07929190485	189.668343826559	12312.6366534074	4209.58351992835	2023.12900081663	14330.4970891178	30004.4782803404	22196.4647928137	21.0742604251732	2228.60303996207	6527.7521666974	47311.7146545139	3345.53884249624	9104.08050367483	779.747635731408	18545.3491741524	0.0420454545454545	0.645620697840019	1.99738903394256
"Browns_ThreeSqC_D2"	730.747265838487	374.584732908804	17544.07511345	3230.02572967263	1915.90879782864	11372.6381204443	34038.0848280902	28800.0393006933	36.844399958243	4507.29826155839	11685.8155200894	56365.7912027854	6490.75512597714	9604.10692244867	1105.33199874729	22690.0096409513	0.0487144790257105	0.394882729211087	1.57675906183369
"RushSE_TuleA_D1"	806.451612903226	107.52688172043	14923.1950844854	4769.58525345622	860.215053763441	867.8955453149	13502.3041474654	7281.1059907834	138.248847926267	3855.60675883257	14416.2826420891	118394.777265745	4738.86328725039	3264.2089093702	913.978494623656	20552.9953917051	0.0444693572496263	0.119198312236287	1.97362869198312
"RushSE_TuleA_D2"	2122.41826337976	164.619699098707	13875.0889240339	5579.43194445261	975.959644656621	799.581395622292	11676.2400860726	7443.16210924869	152.861149163085	4480.00752547196	19995.4141655251	128615.019195833	4450.6111506329	4297.75000146982	2287.03796247847	20430.4805131431	0.111942446043165	0.107424960505529	1.67614533965245
"RushSE_TuleB_D1"	516.979763934954	107.424366531939	15025.9832686549	1698.64779578628	396.127351586524	2215.62755972124	16019.6586590753	7902.40496300574	161.136549797908	3679.2845537189	8849.08219306844	111298.357749997	3632.28639336117	5861.3419988989	624.404130466893	17120.7584160277	0.0364705882352941	0.280373831775701	2.30756159728122
"RushSE_TuleB_D2"	3163.12697695436	211.637790501467	13092.9433096718	4267.07545173228	795.071699451457	760.752057748517	11857.436208366	7647.56015947194	68.6392834058812	4358.59449627346	20488.8260966556	137976.399526389	5742.82004495873	4404.35401854405	3374.76476745582	18155.0904608556	0.18588531821046	0.0994764397905759	1.64996260284218
"RushSE_TuleC_D1"	593.528168846894	118.705633769379	13419.6718976283	7502.19605422474	1394.7911967902	1584.72021082121	17473.4692908525	10944.6594335367	166.187887277131	3507.75147788514	13122.9078132048	114972.341587332	4552.36105505568	4297.14394245151	712.233802616273	22316.6591486432	0.0319148936170213	0.144793926247289	1.74132321041215
"RushSE_TuleC_D2"	2699.14829659318	181.613226452906	17447.3947895792	1822.39478957916	325.65130260521	2223.19639278557	16702.1543086172	13671.0921843687	162.825651302605	5905.56112224449	19282.3146292585	143430.611222445	6807.36472945892	7922.09418837675	2880.76152304609	19595.4408817635	0.147011824864174	0.16262024736601	1.3843334860284
"RushSE_CattailNLA_D1"	474.220678306974	74.2755279275984	16077.7950452509	1114.13291891398	211.399579486242	1548.35908218302	12135.4785629399	6570.52747051833	79.9890300758753	3845.1869457903	11318.4477557364	128776.624920011	5387.83252582503	3508.09031904196	548.496206234573	17403.3275436511	0.0315167432698621	0.235652173913044	2.08260869565217
"RushSE_CattailNLA_D2"	3052.04648812532	134.748189321206	22004.3793161529	976.924372578744	181.910055583629	1138.62219976419	12848.239851777	8226.37695805963	94.3237325248442	5706.58581775307	21128.5160855651	145757.116388749	7929.93094155297	5928.92033013307	3186.79467744652	23163.2137443153	0.137579988365329	0.138411138411138	1.7002457002457
"RushSE_CattailNLB_D1"	905.753920961052	54.4814388548002	14233.2759008165	592.485647545951	74.9119784253502	1266.6934533741	12503.4902171766	8151.78528864947	40.8610791411002	3990.76539611412	12169.791404191	132539.720374015	5992.95827402802	4617.30194294432	960.235359815852	14900.6735267878	0.0644424131627057	0.155388471177945	1.68922305764411
"RushSE_CattailNLB_D2"	3107.02495664227	160.708187412531	20778.2293975452	1446.37368671278	435.251340908939	1781.18241048889	13666.8921045407	9441.6060104862	308.024025874018	5618.09038496307	21287.1386576849	145273.505246453	7506.41158706032	5390.42045279532	3267.7331440548	22659.8544251669	0.144208037825059	0.188652482269504	1.63617021276596
"RushSE_CattailNLC_D1"	410.144234055643	68.3573723426072	12076.4691138606	1099.41440517693	170.893430856518	1771.59523321257	14224.0298949575	10196.6413744389	56.9644769521726	3822.31640349079	9957.39057123978	121727.390799098	5707.8405906077	3406.47572173992	478.50160639825	13346.776949894	0.0358514724711908	0.173743016759776	1.56871508379888
"RushSE_CattailNLC_D2"	1590.39450281961	176.036032754843	15733.9792034673	5657.43388025909	1541.83283861138	1991.02823253753	13937.1976277627	12389.2945811253	133.544576572639	5790.97845683172	20274.494806937	138224.706960708	6337.29717917432	3812.09064034625	1766.43053557445	22933.2459223378	0.0770248808893594	0.160705536501715	1.28564429201372
"RushMan_CattailNLA_D1"	1842.89932189092	876.02608611012	17552.9671327991	4159.50163849323	1193.9911099575	330.943188086045	7235.32656305765	1524.93429804354	77.8689854320107	5165.30936699004	19233.6394017066	112598.552934687	6210.05158820285	2679.99091528503	2718.92540800104	22906.4598812498	0.118696883852691	0.217021276595745	4.96170212765958
"RushMan_CattailNLA_D2"	13710.3386933137	4384.80674884994	16107.7369949828	3293.81679707587	1869.27577724348	243.214320459189	6907.28670104096	1014.55116534404	152.877572860062	5837.14369102052	47732.5476352619	134358.53960224	13154.4202465498	8067.76645866051	18095.1454421636	21270.8295693022	0.850702384841555	0.23972602739726	7.04794520547945
"RushMan_CattailNLB_D1"	3580.77571040476	2144.73545154452	12271.616757533	6365.82348516402	1436.04025886024	341.914347347677	5887.14339887728	1187.37527897102	323.264473855985	4948.43309979547	25687.0924225564	129044.691313511	8311.62695279717	2791.26439925649	5725.51116194928	20073.4805015572	0.285227624651595	0.287958115183246	5.24607329842932
"RushMan_CattailNLB_D2"	21857.1974289558	3944.59300104636	8088.49175372452	6203.39151954026	1511.40194987461	265.741002175755	7640.05381255294	1627.6636383265	215.914564267801	6004.08576790845	39994.020827451	132729.326180471	10704.3797438921	8570.14732016808	25801.7904300022	15803.2852231394	1.6326852338413	0.163265306122449	4.85714285714285
"RushMan_CattailNLC_D1"	2996.19519309214	1169.59908742392	16988.0657574598	4230.77200759517	1249.01630940949	332.108382848768	7226.96720068731	1631.6629244309	57.7579796258728	6808.22184839974	21117.7613007097	122858.442411684	7804.54699694605	3978.08084673198	4165.79428051607	22467.8540744645	0.185411311053985	0.20353982300885	4.63274336283185
"RushMan_CattailNLC_D2"	9831.86092903961	4677.41335943599	18759.2154336055	2205.50881584001	1616.96011498383	229.224230859777	4757.95160271104	1232.85464705664	235.419480342473	6635.11219596813	43775.6328447346	137565.514763279	14602.203030716	7762.64760181892	14509.2742884756	22581.6843644293	0.642524005486969	0.185929648241206	4.04522613065327
"RushMan_ThreeSqA_D1"	468.75563408214	116.187293917796	8301.38182750594	6406.32699912258	817.317515835527	6342.22366454725	26614.9032239971	13301.4419243821	1177.89877282179	3673.92236284891	8329.42703638265	89724.6361134148	4907.91155342412	3517.67048482153	584.942927999936	15525.026342464	0.0376774193548387	0.476807228915662	2.47771084337349
"RushMan_ThreeSqA_D2"	644.791517409371	194.460933821874	8300.41143839683	7614.68077702495	992.774241090618	6806.13268376557	27710.683069617	12476.2041225718	1212.82213988905	4754.05809264528	9242.01174953431	89574.8469899494	5373.26264507809	2538.22692567499	839.252451231245	16907.8664565124	0.049636803874092	0.545529122231337	2.76661197703035
"RushMan_ThreeSqB_D2"	1723.4400107945	975.184917139948	18068.5205402157	6433.76715773463	1895.1706880267	6562.56516565877	26845.1847944752	12303.2763759921	355.72783140954	8451.60261521289	11536.6215669198	85147.7497148044	7586.81599057935	3207.68372115845	2698.62492793445	26397.458385977	0.102230483271375	0.533399800598205	2.71535393818544
"RushMan_ThreeSqC_D1"	461.714174625161	170.105222230322	10162.5719909601	6250.1518796627	724.162231780515	4622.00189545819	25160.992442468	11800.4422735778	1044.93207941484	4656.02293990425	8262.25365118709	94563.9231124396	5545.43024470851	2789.72564457729	631.819396855483	17136.8861024033	0.0368689733408962	0.39168039538715	2.52388797364086
"RushMan_ThreeSqC_D2"	2122.50417926708	784.199552959297	11856.9094085163	6250.11739514266	1507.35363173613	5287.47722534233	24803.2457409042	9795.4507034317	417.926707864535	6292.37964649975	13209.3014519431	93920.8099325682	6442.64542910273	3845.864873495	2906.70373222638	19614.3804353951	0.148192482643045	0.539789069990413	3.071907957814
"RushOxbow_ThreeSqA_D1"	509.592661865669	162.397661473675	2559.16314805067	10634.2468668451	1360.78040476217	9682.26057544772	16374.1642120353	12913.4140468377	100.798548500902	4093.54105300883	8629.4757355494	115274.340049503	4138.34040789812	4149.54024662045	671.990323339344	14554.190419658	0.0461716044632551	0.749783174327841	2.01777970511709
"RushOxbow_ThreeSqA_D2"	310.899239037101	98.6981711228891	4925.03873903217	8448.56344811931	1130.09405935708	5615.92593689239	12682.7149892913	7417.16755988511	78.9585368983114	4392.06861496856	7061.85414384272	113428.87316298	3957.79666202785	4253.89117539652	409.59741015999	14503.6962465086	0.0282408982647159	0.757152361942782	2.46706586826348
"RushOxbow_ThreeSqB_D1"	262.833234994368	53.6394357131363	4698.81456847074	8673.49675481414	493.482808560854	6608.37847985839	13817.5186397039	8217.56155125249	32.1836614278818	4961.64780346511	3953.22641205815	90602.3708630585	2880.43769779542	4988.46752132167	316.472670707504	13865.7941318457	0.0228239845261122	0.804177545691905	2.48563968668407
"RushOxbow_ThreeSqB_D2"	327.941748652104	55.5833472291701	3724.0842643544	10649.769329109	1167.25029181257	11678.0612528487	18959.4797398699	11133.3444500028	22.233338891668	4229.89272413985	3045.96742815852	71446.8345283753	2290.03390584181	6647.76832860875	383.525095881274	15541.103885276	0.0246781115879828	1.04892661008487	2.75187219171243
"RushOxbow_ThreeSqC_D1"	318.179036896531	48.9506210610047	4075.13920332865	9533.13345163067	403.842623753289	7844.33702502601	11411.6135348467	7171.26598543719	24.4753105305024	4797.16086397846	3726.36602826898	96530.6247323013	2985.98788472129	3793.67313222787	367.129657957535	14012.1152787126	0.0262008733624454	1.0938566552901	2.68515358361775
"RushOxbow_ThreeSqC_D2"	274.635678607597	57.2157663765826	3587.42855181173	4439.94347082282	394.788787998421	11185.6823266219	18526.4651527375	11248.6196696362	22.8863065506331	4325.51193806965	3101.09453761078	97667.3132048267	3215.52607036395	5349.67415621049	331.85144498418	8422.16081063297	0.0394021739130435	0.994404883011191	2.64140386571719
"Joice_CattailNLA_D1"	325.484074529211	73.0678534657412	6649.17466538244	8847.85280148793	2231.89079677173	6303.76299445348	13072.5032382344	5460.16141353084	66.425321332492	8442.65834135973	6888.30582217942	83702.5474110731	3992.16181208277	1660.6330333123	398.551927994952	17728.9182636421	0.0224803297115025	1.15450121654501	3.54866180048662
"Joice_CattailNLA_D2"	1179.68105972313	298.473521134768	19805.8500810143	2885.24403763609	817.248926916626	1385.76991955428	18512.4648227636	4526.84840387731	341.112595582592	15250.5756275051	13722.6754597913	132380.113135678	8335.93905454958	4349.18559367804	1478.1545808579	23508.343045567	0.0628778718258766	0.306122448979592	4.3956043956044
"Joice_CattailNLB_D1"	349.364048255909	92.7998253179759	7227.46874829411	8614.00731480977	2341.83088596539	5142.20208526666	12779.0818276107	5742.6715432065	87.3410120639773	9825.86385719745	4678.20295867678	70396.8557235657	3924.88672962498	2516.51291009335	442.163873573885	18183.3069490693	0.0243170219153407	0.895437262357415	3.12072243346008
"Joice_CattailNLB_D2"	658.718134510243	287.44064051356	12587.504715823	4413.41150121863	1694.70210969454	5090.09467576097	16785.3357366565	5497.30224982184	239.533867094634	16042.7807486631	10060.4224179746	114191.782790689	5635.03422340127	3736.72832667628	946.158775023803	18695.6183267362	0.0506085842408712	0.925925925925927	3.97930283224401
"Joice_CattailNLC_D1"	348.742347907857	68.5029611961862	8811.97182660033	5604.78773423341	1233.05330153136	7516.64310579971	16926.4589573849	7778.19986673061	37.3652515615562	8494.3671883271	5897.48220479894	88642.831787865	3705.38744652098	3126.22604731686	417.245309104043	15649.8128623651	0.0266613609231994	0.966373098478782	3.14251401120897
"Joice_CattailNLC_D2"	382.220935283046	69.4947155060083	21491.2407702331	2918.77805125235	949.761111915449	6387.7226002606	23871.4347763139	10603.7353409585	57.9122629216737	13302.4467931084	7563.34153757059	86781.525988128	6503.54712610396	2849.28333574634	451.715650789055	25359.7799334009	0.0178122859100251	0.602403058438012	2.85363189513927
"Joice_ThreeSqA_D1"	342.403214024836	68.4806428049671	6733.92987582177	4479.77538349159	1757.66983199416	7709.77903579255	19682.4780861943	7190.46749452156	79.8940832724616	9364.72790357926	5415.67750182614	84818.9828341856	4211.55953250548	4051.77136596055	410.883856829803	12971.3750913075	0.0316761988561373	1.07222222222222	3.80952380952381
"Joice_ThreeSqA_D2"	686.454606980567	149.85980856618	6632.50507589674	4176.73789036063	1078.02378420187	5646.33085178383	22411.2926617036	7874.8912307841	145.025621193077	12921.7828483032	8566.18002513777	98801.1215314706	5544.81291694866	5428.7924199942	836.314415546747	11887.2667504592	0.0703538023586824	0.717004297114796	3.56292203806017
"Joice_ThreeSqB_D1"	446.686636186872	57.8065058594776	6474.32865626149	2606.54790057281	599.085606180041	6080.19338903779	15923.0647958379	6101.21393662305	84.0821903410584	8713.01697409218	4887.27731357402	86814.8615271428	4183.08896946765	4288.19170739398	504.49314204635	9679.96216301435	0.0521172638436482	0.996554694229113	3.60637381567614
"Joice_ThreeSqB_D2"	816.945020917746	210.82452152716	7708.27156833679	3557.66380077083	599.532233092862	4532.72721283394	15166.1890173601	6074.3815265013	131.765325954475	9968.04690845605	9361.92640906546	104878.611193464	5395.79009783576	5547.3202226834	1027.76954244491	11865.4676022005	0.0866185452526374	0.746203904555314	3.24295010845987
"Joice_ThreeSqC_D1"	787.790965130187	339.26764191738	7216.62526451376	4237.97037445947	1529.57953813598	4882.00386420093	15186.5397000644	5876.80559389088	69.0035881865857	11862.8668690772	9545.49636581103	95460.7139571258	5796.3014076732	4462.23203606588	1127.05860704757	12984.1751771092	0.0868024800708592	0.830724070450097	3.41487279843444
"Joice_ThreeSqC_D2"	4568.05645940874	1541.64007758746	11233.7543358627	6368.7426156072	1680.6404124519	4568.05645940874	18531.271916246	6722.56164980762	505.45576314343	11063.1630158018	16212.4936028255	114928.004144737	6128.65112811408	6014.92358140681	6109.6965369962	19283.1373639218	0.316841415465269	0.679511278195488	3.43609022556391
"Goodyear_PhragA_D1"	558.985858300297	334.106490018569	3244.68802806494	9766.18970823508	289.130616362223	2081.74043780801	9913.96757882023	1876.13644395042	398.357738099062	12053.5341399007	10569.3303092413	147520.865592814	6392.99918400915	3546.66889404326	893.092348318867	13300.0083526622	0.0671497584541064	1.10958904109589	6.39383561643836
"Goodyear_PhragA_D2"	788.576716783649	788.57671678365	1336.01840446817	9247.85422409917	267.203680893634	5728.58623184155	11189.9687827895	4275.25889429813	182.480562561506	11163.900130995	11007.488220228	142224.047027848	6100.0645199132	5018.2154704414	1577.1534335673	10851.076309461	0.145345345345345	1.33993902439024	3.95731707317073
"Goodyear_PhragB_D1"	2955.13894273321	263.3292127188	5332.41655755573	3050.23004732611	95.0911045929005	1404.42246783361	11271.9532444353	1828.67508832501	351.105616958401	19405.900037305	11659.6323631602	190416.279597106	10525.8538083987	4169.37920138102	3218.46815545201	8477.73770947474	0.379637618636755	0.768	6.932
"Goodyear_PhragB_D2"	770.191169555559	129.716407504094	1410.66593160702	9404.43954404683	454.007426264329	5942.63291878132	12266.3077846059	6396.64034504565	129.716407504094	10628.6381398667	10693.4963436188	148930.650365638	6031.81294894038	1580.91871645615	899.907577059653	11269.1129019182	0.0798561151079137	0.929024081115336	2.84664131812421
"Goodyear_PhragC_D1"	383.09505981507	139.307294478207	4779.98154178349	9037.56072927368	296.02800076619	1445.3131802114	9411.94908318387	1697.80765145315	539.815766103053	15663.3639228934	11971.7206192209	165375.171957442	7122.08543019833	2411.75753565396	522.402354293277	14113.5702718234	0.0370141887723628	0.851282051282051	6.3948717948718
"Goodyear_PhragC_D2"	610.712451594098	111.038627562563	1207.54507474288	8154.39921162574	596.832623148778	5107.77686787791	13865.9486168751	6821.93568087498	208.197426679806	12012.9915194248	11520.2576096159	159250.211667384	6731.7167959804	3546.29616777936	721.751079156661	9958.7769095174	0.0724738675958188	0.748728382502543	2.78128179043744
"White_CordA_D1"	369.699905662783	76.4896356543689	4633.99709339384	3646.00596619158	254.965452181229	828.637719588996	7795.56870044109	1580.78580352362	63.7413630453073	20333.494811453	5947.06917212718	146847.352183779	1344.94276025599	286.836133703883	446.189541317152	8534.96851176665	0.0522778192681106	0.524193548387097	5.45564516129032
"White_CordA_D2"	1882.95816280127	135.004547521601	5577.81946339245	2629.03592542064	142.110050022738	845.554797635289	9144.78171896318	1811.9031377899	42.6330150068212	17756.6507503411	8704.24056389268	168592.257844475	1882.95816280127	653.706230104593	2017.96271032287	8348.96543883583	0.241702127659574	0.466666666666667	5.51372549019609
"White_CordB_D1"	450.373166337823	85.7853650167282	4096.25117954877	3896.08532784307	128.678047525092	900.746332675646	7684.93894941524	1758.59998284293	71.4878041806067	19616.2534671585	5425.92433730805	142553.830316548	1315.37559692317	529.00975093649	536.158531354551	8121.01455491694	0.0660211267605634	0.51219512195122	4.88211382113822
"White_CordB_D2"	849.701896251399	127.45528443771	4850.38165776841	3724.5266452353	177.021228385708	828.459348845113	8482.85726424313	1663.99954682565	56.6467930834266	17383.4846274765	7505.70008355402	160749.437072494	1883.50587002393	693.923215271975	977.157180689108	8751.92953138941	0.111650485436893	0.497872340425532	5.59574468085107
"White_CordC_D1"	439.602599250278	71.9349707864091	4156.24275654808	3932.44506965704	167.848265168288	687.378609736798	7521.20083444566	1406.72831760089	79.9277453182323	20333.6184089583	5395.12280898069	142926.794178063	1574.57658276918	335.696530336576	511.537570036687	8256.5360913734	0.0619554695062924	0.488636363636363	5.83522727272727
"White_CordC_D2"	2624.56910059542	78.3453462864305	5164.26407604722	1834.58685887392	45.7014520004178	796.511020578711	8402.53838921968	1756.24151258748	91.4029040008356	18078.1886555939	7991.22532121592	168331.505275253	2363.41794630732	1129.47874229604	2702.91444688185	7044.55238692155	0.38368860055607	0.453531598513011	5.23791821561338
"White_ThreeSqA_D1"	251.481106750805	58.4839783141408	7521.03961119852	2970.98609835836	52.6355804827267	7983.06303988023	17241.0768070087	5246.01285477843	128.66475229111	14936.8080614316	5865.94302490832	127980.489744834	4093.87848198986	1713.58056460433	309.965085064946	10544.6612900396	0.0293954520244037	1.52173913043478	4.8082497212932
"White_ThreeSqA_D2"	763.365554460806	541.456963047781	11184.1930072165	4180.75786222139	523.704275734739	6080.2954047169	13074.8542060554	6399.84377635164	106.516123878252	20752.8914689461	13651.8165437293	176461.711891638	6994.55880133855	3994.35464543445	1304.82251750859	15888.6551451726	0.0821229050279329	0.950069348127602	2.99306518723995
"White_ThreeSqB_D1"	321.715083645922	54.7600142376037	2635.32568518468	1560.66040577171	61.6050160173041	7618.48698080662	15613.4490594968	5373.32639706486	191.660049831613	12889.138351176	5065.30131697834	127830.408235906	6427.45667113874	711.880185088848	376.475097883525	4257.59110697369	0.0884244372990353	1.41783439490446	4.3235668789809
"White_ThreeSqB_D2"	292.552363760854	68.4697021567956	4643.49070990632	6971.46058323737	280.103327005073	5427.78002552053	13613.0216924465	5471.35165416576	149.388441069372	14571.5975226417	10693.7225732159	155687.653667797	5340.63676823006	2377.76602035417	361.022065917649	11895.0546201488	0.0303506017791732	0.99203640500569	3.48009101251422
"White_ThreeSqC_D1"	266.916616490481	49.6589053935778	4667.93710699632	1303.54626658142	37.2441790451834	7858.5217785337	14593.5108225377	5611.4563094743	136.561989832339	12389.8968956977	6145.28954245526	128455.173526838	4500.338301293	1160.77691357488	316.575521884059	6008.72755262292	0.0526859504132231	1.40044247787611	4.00110619469026
"White_ThreeSqC_D2"	320.490664923868	50.2730454782538	11399.413062194	4160.09451332549	175.955659173888	7465.54725352068	14723.7181944436	6227.57350861869	163.387397804325	15226.4486492261	9055.43231677047	156085.237948608	6535.495912173	1332.23570517372	370.763710402122	15735.4632346934	0.0235623003194888	1.19878910191725	3.56306760847628
"Tolay_CordA_D1"	340.700683576052	72.4895071438409	4827.80117577981	4429.10888648868	224.717472145906	3421.50473718929	13562.7867866126	2348.66003146045	398.692289291125	6922.74793223681	4175.39561148524	93569.4558212698	884.37198715486	471.181796434966	413.190190719893	9481.6275344144	0.0435779816513761	1.45679012345679	7.23148148148148
"Tolay_CordA_D2"	384.014407161206	66.2093805450356	5058.39667364072	5018.6710453137	178.765327471596	3740.83000079451	13228.6342328981	4978.94541698668	1496.33200031781	6130.98863847029	4681.00320453402	119110.675600519	1992.90235440557	403.877221324717	450.223787706242	10255.833046426	0.0438992898644286	0.751329787234043	3.40824468085106
"Tolay_CordB_D1"	346.975790552795	118.287201324817	4983.83408248561	5023.26314959387	118.287201324817	2933.52259285546	12861.7616907184	2736.37725731409	528.349499250848	6978.94487816419	3761.53300212917	92342.8751675736	820.124595852061	283.88928317956	465.262991877612	10125.3844334043	0.0459501557632399	1.07204610951009	5.77233429394813
"Tolay_CordB_D2"	354.851110388266	59.1418517313777	4755.00487920277	5772.24472898247	195.168110713547	4595.32187952805	11964.3966052577	5441.05035928675	1762.42718159506	5825.47239554071	4672.20628677884	123020.965786439	1679.62858917113	449.47807315847	413.992962119644	10722.4177188988	0.0386100386100386	0.844565217391304	3.04347826086957
"Tolay_CordC_D1"	314.402859141103	96.24577320646	5409.01245420305	3477.68060519342	109.078542967321	3208.19244021533	13115.0906956003	3182.52690069361	923.959422782016	6223.89333401775	3484.09699007385	122373.292439574	1867.16800020532	269.488164978088	410.648632347563	8995.77160236379	0.0456490727532097	1.00806451612903	5.12903225806451
"Tolay_CordC_D2"	393.220058362135	110.377560242003	5401.60185434302	4104.66552149948	96.5803652117525	3538.98052525921	12996.9577184958	4146.05710659023	1786.73675641742	5987.98264312865	4870.40984567838	137213.10457584	1904.01291417455	517.394813634388	503.597618604138	9602.84774105425	0.0524425287356322	0.853577371048253	3.98835274542429
"China_Bullhead_CordA_D1"	343.398366062659	143.748153235531	6069.36646994466	4424.24871624913	167.706178774786	3449.95567765275	9798.83244555539	1661.0897707217	95.8321021570209	11587.6983524864	4256.54253747434	102779.929563405	646.866689559891	335.412357549573	487.14651929819	10661.3213649686	0.0456928838951311	2.07692307692308	7.97596153846154
"China_Bullhead_CordA_D2"	467.865789356425	245.072556329556	3497.85375852184	4723.21654016963	259.925438531347	2576.97506201078	9773.19648877865	2829.47405944123	74.2644110089563	11837.7471148276	7107.10413355712	132376.312623465	601.541729172546	683.232581282398	712.938345685981	8480.99573722282	0.0840630472854641	0.910761154855643	4.36482939632546
"China_Bullhead_CordB_D1"	402.616299603034	162.459208611751	3884.89411897664	5050.36235466964	148.332320906381	2147.28693121618	9267.23833472247	1490.3866529165	155.395764759066	11033.0992978937	4753.69771285688	111743.681749474	776.978823795329	339.045304928871	565.075508214785	9083.58879455266	0.0622083981337481	1.44075829383886	7.65876777251185
"China_Bullhead_CordB_D2"	907.680145228824	263.520042163207	5533.92088542734	4274.88068398091	131.760021081603	1771.44028343045	10438.3216701315	1522.56024360964	87.8400140544023	9940.56159048986	9545.28152724504	129344.420695107	1112.64017802243	556.320089011215	1171.20018739203	9940.56159048985	0.117820324005891	1.16346153846154	8.01923076923076
"China_Bullhead_CordC_D1"	369.429010521338	118.217283366828	5090.73176498405	4507.03392836033	140.383023998108	1448.16172124365	8762.85612956614	1285.61295661426	96.0515427355479	11784.7854356307	4418.37096583521	120101.371320487	724.080860621824	265.988887575364	487.646293888167	9738.14871734248	0.0500758725341426	1.1264367816092	7.94252873563218
"China_Bullhead_CordC_D2"	585.472952369336	298.835152771848	4433.73787888028	4055.61993047509	115.874855156431	1603.95194242849	8763.7982557785	1506.3731170336	36.5920595230834	12215.6492041227	5873.0255534549	120875.769957919	524.48618649753	219.552357138501	884.308105141184	8605.2326645118	0.102763997165131	1.06477732793522	6.88259109311741
"China_Galinas_CordA_D1"	533.570475767007	137.434819515744	3225.676058046	5715.67161162537	97.0128137758195	2473.8267512834	7381.05824811027	1835.15906059259	64.6752091838797	11690.0440599863	3807.75294070091	104393.87202393	1212.66017219774	485.064068879097	671.005295282751	9038.36048344719	0.0742397137745974	1.34801762114537	5.37004405286343
"China_Galinas_CordA_D2"	293.685756240822	54.6392104634088	2533.89338524058	5723.45729604206	157.0877300823	1427.44937335656	8605.67564798688	1256.7018406584	68.299013079261	17006.454256736	3005.15657548749	110405.354642625	4432.60594884404	293.685756240822	348.324966704231	8414.43841136495	0.0413961038961039	1.13586956521739	7.9836956521739
"China_Galinas_CordB_D1"	310.079755397551	72.1115710226863	1867.68968948757	4636.77401675874	36.0557855113432	1081.67356534029	6021.3161803943	1694.62191903313	72.1115710226863	14191.5571772647	3252.23185312315	99759.1473527843	980.717365908534	259.601655681671	382.191326420237	6540.51949175765	0.0584343991179713	0.638297872340426	4.19148936170213
"China_Galinas_CordB_D2"	298.242450304485	97.1021931223904	1775.58295995228	5416.91520204193	48.5510965611952	1068.12412434629	4751.07159205982	1692.35250870452	853.112125289573	12110.0306565496	5097.8651389255	134646.062506069	1421.85354214929	312.114192179112	395.344643426875	7241.0492585554	0.0545977011494253	0.631147540983606	3.43852459016394
"China_Galinas_CordC_D1"	333.091286998115	93.2655603594721	1805.35477552978	5755.81743932742	226.502075158718	812.742740275401	5476.02075824901	1798.69294978982	546.269710676908	10965.3651679779	4077.03735285692	112005.276165986	1179.14315597333	319.76763551819	426.356847357587	7787.67429001592	0.0547476475620188	0.451851851851852	3.4962962962963
"China_Galinas_CordC_D2"	350.987606506584	84.7211463981409	3140.73392718823	5434.25639039504	114.978698683191	792.747869868319	6868.46436870642	1379.7443841983	108.927188226181	8514.47521301316	6850.3098373354	135287.567776917	2523.47986057319	441.760263361735	435.708752904725	8689.96901626646	0.0501392757660167	0.574561403508772	5.55263157894736
"China_Galinas_PWA_D1"	364.645735505332	89.3009964502853	1406.49069409199	6876.17672667198	245.577740238284	3408.32136451923	8624.98790715673	3043.67562901389	89.3009964502853	13782.1204521607	1473.46644142971	86249.8790715673	3564.59810830723	967.427461544758	453.946731955617	8528.24516100226	0.0532286212914485	1.119804400978	3.95354523227384
"China_Galinas_PWA_D2"	357.21109514276	66.4578781660949	905.488590013043	7011.306146523	41.5361738538093	2608.47171801922	10757.8690281366	1221.16351130199	83.0723477076186	15277.0047434311	1320.85032855114	90415.943244972	4809.88893227112	606.428138265616	423.668973308855	7958.33091038985	0.0532359081419625	2.13605442176871	10.9455782312925
"China_Galinas_PWB_D1"	282.353506590251	60.0752141681386	1549.94052553797	5460.83696788379	258.323420922995	1585.98565403886	7725.67254202262	2451.06873806005	48.0601713345108	22510.1827488015	1706.13608237513	119868.074829687	6680.36381549701	1393.74496870081	342.42872075839	7269.10091434476	0.0471074380165289	0.647058823529412	3.79901960784314
"China_Galinas_PWB_D2"	421.78466349814	82.2994465362224	1162.47968232414	6779.4169084213	92.58687735325	2180.93533320989	6100.44647449746	781.844742094112	401.209801864083	21140.670328992	3240.54070736375	119570.808386314	8867.76536427793	833.28189617925	504.084110034362	8034.48346809869	0.0627400768245841	2.78947368421052	10.5921052631579
"China_Galinas_PWC_D1"	422.007701640555	70.3346169400925	958.30915580876	6048.77705684796	105.501925410139	545.093281285717	6453.20110425349	633.011552460832	597.844243990786	23931.3534138665	2136.41398955531	122769.073868931	7499.42853123736	422.007701640555	492.342318580647	7112.58813806686	0.069221260815822	0.861111111111111	11.0555555555556
"China_Galinas_PWC_D2"	295.90685127584	55.0524374466679	1534.58669382587	5773.6243772193	41.289328085001	2167.68972446255	7019.18577445016	990.943874040024	357.840843403341	19412.8657546313	2532.41212254672	108962.536816318	8512.48314019103	406.011726169176	350.959288722508	7349.50039913017	0.047752808988764	2.1875	9.27083333333333
"Muzzi_CordA_D1"	335.802883707264	97.942507747952	4050.62228471887	5169.96523040975	118.930187979656	2161.73106386552	8080.25688920603	3441.97955799946	321.811096886128	15216.0681679854	4533.33893004806	149691.131305923	1658.02673830462	307.819310064992	433.745391455216	9339.51770310827	0.0464419475655431	0.628048780487806	2.97560975609756
"Muzzi_CordA_D2"	400.645964570569	86.2929769844302	2292.92767415772	6767.83490920746	160.258385828228	4055.76991826823	16796.3115916123	3963.31315721348	86.2929769844303	18059.8873260272	4431.76074655753	120853.314266695	6225.42191101961	1035.51572381316	486.938941554999	9221.0209691934	0.052807486631016	1.02332814930016	5.26127527216174
"Muzzi_CordB_D1"	325.236788247053	63.4608367311323	3014.38974472878	5108.59735685614	55.5282321397408	2467.04002792277	11637.1309355714	1681.71217337501	39.6630229569577	17959.4167949104	3664.86332122289	125715.917564373	4799.22577779188	325.236788247053	388.697624978185	8178.51533372467	0.0475266731328807	1.46698113207547	8.38679245283018
"Muzzi_CordB_D2"	375.330760232455	81.3216647170318	2126.87430798391	6461.94458866877	125.110253410818	5104.49833916139	16245.5664053947	3271.6331266929	43.7885886937863	20130.2397738007	4604.05732551811	109965.657235439	7081.24034305232	569.251653019223	456.652424949486	8713.9291500635	0.0524048815506101	1.56022944550669	6.52581261950287
"Muzzi_CordC_D1"	312.121742705106	60.9018034546548	4506.73345564445	5321.29507685047	38.0636271591592	1126.68336391111	7521.37272664987	822.174346637839	53.2890780228229	12903.569606955	2923.28656582343	123912.331853927	5739.99497560121	327.34719356877	373.023546159761	9866.09215965408	0.0378086419753086	1.37037037037037	10.5185185185185
"Muzzi_CordC_D2"	288.510931749572	84.4422239267041	3046.95691335524	6290.94568253945	91.4790759205961	4236.18490032299	18612.4735238444	3975.82137654899	35.18425996946	23137.1693559169	4208.03749234743	102083.611875391	5580.22363115636	316.65833972514	372.953155676276	9429.38167181529	0.0395522388059702	1.06548672566371	5.74690265486725
"Muzzi_PWA_D1"	285.07064189565	69.5294248525976	813.494270775392	5645.78929803092	34.7647124262988	2496.10635220826	13905.8849705195	2516.96517966403	27.811769941039	17736.9562798976	2927.18878629436	95985.371009011	3476.47124262989	292.02358438091	354.600066748248	6494.04828123261	0.0546038543897217	0.991712707182323	6.51657458563537
"Muzzi_PWA_D2"	365.45146626259	71.3076031731883	828.950886888314	6390.943934397	62.3941527765398	2691.86201978786	9902.84339067653	1889.65148408949	124.78830555308	20803.9932257777	1836.1707817096	83652.7319725466	7496.21178358143	338.711115072645	436.759069435778	7282.28897406185	0.0599755201958385	1.42452830188679	6.66509433962264
"Muzzi_PWB_D1"	317.784901072179	62.1753067315133	1319.498176191	5277.99270476402	117.442246048414	842.820824582735	9934.23234221289	904.996131314249	27.6334696584503	19447.0542721344	2936.05615121035	114948.325411739	4497.34718691279	379.960207803692	379.960207803692	6714.93312700343	0.0565843621399176	0.931297709923663	11.9083969465649
"Muzzi_PWB_D2"	2330.20744529696	568.343279340721	5228.75816993464	5683.43279340721	284.171639670361	3410.05967604433	14606.4222790565	5001.42085819835	341.005967604434	14833.7595907928	6763.28502415459	85365.1605569764	4092.0716112532	2273.37311736289	2898.55072463768	11196.3626030122	0.258883248730965	0.681818181818181	3.60227272727272
"Muzzi_PWC_D1"	325.128465393643	63.4397005646134	888.155807904587	5979.1917782148	87.2295882763434	2307.61910803781	14987.6292583899	2569.30787286684	31.7198502823067	20649.6225337816	2466.21835944934	76754.1077206116	4646.95806635792	309.26854025249	388.568165958257	6954.57717439573	0.055872291904219	0.898148148148151	6.73148148148149
"Muzzi_PWC_D2"	324.020207078369	73.6409561541747	2194.50049339441	6414.12728102862	508.122597463806	4499.46242102007	14463.0837886799	4771.93395879053	110.461434231262	20943.4879302473	2253.41325831775	85460.3296169197	7231.54189433996	898.419665080931	397.661163232543	9116.75037188683	0.0436187399030695	0.9429012345679	3.97376543209876
