"Sample"	"P01015"	"RecA"	"RpoB"	"amoA-AOA"	"amoA-AOB"	"AmoA-Ic"	"emoA"	"MOB-Ia"	"MOB-Ib"	"MOB-Ic"	"MOB-IIa"	"MOB-IIb"	"MOB-III"	"pxmA"	"p-amo-unk"	"NOB-nxr"	"NxrA-other"	"NxrB-other"	"HydA"	"DsrAB-red"	"DsrAB-ox"	"Dsr-AsrC"	"Dsr-2221"	"DsrA-ox"	"DsrA-red"	"DsrB-ox"	"DsrB-red"	"Dsr-no3so3"	"Dsr-unk"	"mcr-Ac"	"mcr-Ac-unk"	"mcr-H2"	"mcr-H2-unk"	"mcr-unk"
"1047887"	16	1188	248	31	7	0	2	8	1	0	7	0	0	24	18	88	183	445	86	138	305	64	457	141	66	164	72	297	133	2	0	0	0	0
"1047890"	12	1053	197	22	5	0	4	12	2	0	2	0	1	24	15	72	171	384	122	103	240	92	372	142	52	98	51	243	119	0	0	1	0	0
"1047893"	21	1292	244	41	4	0	2	3	0	0	10	0	0	17	18	115	243	490	165	214	394	91	682	202	118	192	96	300	329	3	0	1	0	0
"1047896"	11	1041	223	13	2	0	2	24	4	2	65	0	0	25	11	93	203	482	338	554	681	70	656	339	297	342	257	340	323	4	3	7	1	0
"1047899"	12	1166	254	17	5	0	3	19	1	1	22	0	2	32	13	76	224	590	388	827	585	91	697	294	446	291	381	407	332	6	6	4	1	0
"1047902"	16	1132	253	45	9	0	4	7	1	0	7	0	0	12	10	90	229	489	217	462	668	84	644	354	254	314	208	300	329	5	0	1	0	0
"1047905"	12	1027	205	21	3	1	3	13	4	0	27	0	0	29	10	95	193	421	298	322	326	77	659	166	148	160	174	323	315	0	1	6	0	0
"1047908"	19	1224	249	51	0	1	3	1	1	0	9	0	1	9	14	95	152	459	122	119	279	79	462	143	80	136	39	268	130	NA	NA	NA	NA	NA
"1047911"	18	1023	224	10	0	1	0	3	0	0	28	0	1	8	1	70	195	521	370	592	372	94	580	208	314	164	278	297	296	12	4	6	1	0
"1047914"	50	1136	223	1	7	0	0	1	0	0	0	0	0	1	1	2	155	324	590	1445	359	75	783	184	718	175	727	659	378	5	0	1	0	2
"1047917"	69	1150	266	1	2	0	0	1	0	0	0	0	0	1	0	1	187	411	535	1527	409	70	771	245	782	164	745	622	384	6	1	1	0	0
"1047920"	55	1238	250	13	4	0	3	2	1	0	0	0	0	4	2	1	180	409	547	1566	483	89	779	230	811	253	755	622	369	3	0	1	0	1
"1047923"	10	1645	332	2	1	0	0	0	0	0	0	0	0	3	0	8	371	733	778	1313	1112	93	742	546	671	566	642	502	321	NA	NA	NA	NA	NA
"1047926"	13	1215	225	NA	NA	NA	NA	NA	NA	NA	NA	NA	NA	NA	NA	6	190	383	335	480	463	53	281	219	225	244	255	184	98	NA	NA	NA	NA	NA
"1047929"	31	1159	235	0	2	0	0	1	0	0	0	0	0	0	1	11	170	351	870	2105	239	88	876	105	1074	134	1031	799	492	0	0	1	0	0
"1047932"	41	1378	292	0	2	0	5	1	0	0	0	0	0	1	0	13	197	399	988	2059	264	85	1002	138	1021	126	1038	872	521	0	0	1	0	0
"1047935"	6	1366	276	2	0	0	1	0	0	0	0	0	0	1	4	18	246	463	197	732	1167	68	685	589	387	578	345	437	354	NA	NA	NA	NA	NA
"1047938"	12	1083	231	0	0	0	1	0	0	0	0	0	1	1	1	3	257	462	442	986	705	61	653	315	512	390	474	476	331	NA	NA	NA	NA	NA
"1047941"	17	1249	252	0	0	0	1	0	0	0	0	0	0	0	1	NA	267	506	691	1208	764	67	565	385	603	379	605	501	308	NA	NA	NA	NA	NA
"1047944"	13	1426	297	5	0	1	4	0	0	0	0	0	0	0	0	11	392	785	319	1076	601	88	849	289	518	312	558	595	407	NA	NA	NA	NA	NA
"1047947"	10	1093	226	2	0	1	0	0	0	0	0	0	0	1	2	10	224	448	250	895	580	76	668	278	435	302	460	444	314	NA	NA	NA	NA	NA
"1047950"	23	1138	232	8	1	0	0	1	0	0	0	0	0	0	0	13	293	601	662	1136	340	51	721	167	564	173	572	503	304	6	0	3	0	0
"1047956"	26	1114	273	7	0	0	2	0	0	0	0	0	0	0	1	11	315	609	768	1204	353	81	684	171	619	182	585	542	315	1	0	0	0	0
"1047959"	54	1341	344	0	1	0	0	29	3	0	2	0	0	30	2	9	234	436	1153	1889	1347	126	984	703	943	644	946	661	507	0	0	6	1	1
"1047962"	25	1329	312	20	0	0	2	3	0	0	19	0	0	12	5	34	206	458	582	781	434	85	633	238	372	196	409	302	335	1	0	1	0	0
"1047965"	35	1416	321	7	0	0	3	4	6	0	14	0	0	20	0	19	190	392	904	1382	860	94	670	438	667	422	715	515	394	1	0	3	0	0
"1047968"	39	1002	230	22	4	1	0	15	5	0	7	0	0	18	11	37	177	413	480	722	727	104	600	363	324	364	398	305	291	0	0	3	0	0
"1047971"	26	1263	326	16	3	0	2	3	0	0	9	0	0	14	7	28	199	430	791	997	674	81	604	367	521	307	476	356	329	2	0	5	0	0
"1047974"	24	1237	303	11	4	0	1	0	0	0	3	0	0	6	3	21	154	265	732	780	404	79	500	221	375	183	405	297	305	1	0	1	0	0
"1047977"	41	1339	281	16	0	0	4	5	3	0	15	0	0	17	3	21	202	402	1253	1113	584	88	660	303	551	281	562	462	384	3	0	6	0	0
"1047983"	52	1308	300	8	2	0	2	8	0	0	16	0	0	13	3	25	196	432	1130	1178	854	59	633	456	583	398	595	449	341	13	0	23	2	1
"1047986"	46	1523	310	101	2	1	6	2	0	0	0	0	1	5	7	101	374	820	801	328	188	135	821	98	182	90	146	522	434	32	1	17	3	0
"1047989"	39	1183	271	66	0	1	0	4	8	0	0	0	0	1	2	51	330	685	1205	410	262	81	718	141	207	121	203	454	336	57	2	24	7	2
"1047992"	49	1263	242	110	0	0	5	4	0	0	0	0	0	2	1	76	328	757	675	253	112	90	714	60	132	52	121	462	347	70	2	20	2	1
"1047995"	31	1149	209	80	0	0	2	2	0	0	0	0	0	2	4	129	321	756	306	144	71	79	509	40	68	31	76	324	125	26	0	6	0	0
"1047998"	70	1301	258	142	1	0	0	1	0	0	0	0	0	0	0	100	302	723	708	311	229	82	723	122	159	107	152	372	322	89	1	32	4	0
"1048001"	26	1032	214	28	4	0	5	5	0	0	4	0	0	0	2	36	295	531	1317	393	164	78	626	76	211	88	182	482	323	57	5	58	11	1
"1048004"	60	1265	203	115	0	0	4	0	0	0	0	0	0	5	3	93	367	750	536	247	121	81	732	62	126	59	121	398	345	75	0	6	2	0
"1048007"	40	1234	224	85	1	0	1	0	0	0	0	0	0	1	1	96	423	818	678	287	133	94	759	57	170	76	117	467	343	45	3	23	2	0
"1048010"	21	1184	261	24	8	0	1	0	0	0	0	0	0	3	1	20	247	587	308	1267	526	76	771	267	654	259	613	528	343	0	0	1	0	0
"1048013"	6	1464	327	8	1	1	4	0	0	0	0	0	0	0	1	8	198	406	278	362	676	118	611	324	170	352	192	471	276	NA	NA	NA	NA	NA
"1048016"	22	1085	249	26	7	1	1	0	1	0	0	0	0	2	1	23	249	524	232	1091	717	83	787	349	566	368	525	488	341	NA	NA	NA	NA	NA
"1048019"	38	1171	324	56	6	1	1	0	0	0	1	0	0	2	3	21	281	548	256	1136	1079	97	853	567	560	512	576	538	398	NA	NA	NA	NA	NA
"1048022"	11	1156	272	7	1	1	0	0	0	0	0	0	0	0	0	22	381	694	167	782	726	87	885	362	411	364	371	562	313	0	0	0	1	0
"1048025"	6	1205	287	2	0	0	0	1	0	0	0	0	0	0	1	NA	174	269	436	345	547	83	393	281	189	266	156	377	221	0	0	1	0	0
"1048028"	7	1268	339	14	1	0	1	0	0	0	1	0	0	0	4	8	256	519	249	513	1093	85	685	622	242	471	271	443	312	NA	NA	NA	NA	NA
"1048031"	4	1257	300	5	1	0	0	0	0	0	0	0	0	1	1	17	303	556	190	778	933	84	833	492	410	441	368	555	386	NA	NA	NA	NA	NA
"1048034"	14	1309	347	17	1	0	5	1	0	0	0	0	0	0	3	23	381	619	183	824	963	88	988	504	397	459	427	584	417	0	0	0	0	1
"1048037"	109	882	291	0	0	0	0	4	1	0	8	0	0	11	0	2	168	254	2863	1753	377	76	1128	200	891	177	862	819	611	51	10	106	21	4
"1048040"	103	1110	271	0	0	0	5	2	0	0	3	0	0	3	0	3	285	458	1471	1465	409	66	842	209	724	200	741	725	495	51	8	194	29	11
"1048043"	55	1044	238	0	0	0	0	14	1	0	2	0	0	18	0	2	154	281	2189	1401	586	65	862	323	724	263	677	650	552	39	6	76	12	3
"1048046"	20	1293	326	29	9	0	8	5	1	0	2	0	1	12	19	78	281	592	548	848	533	78	789	275	415	258	433	443	375	3	0	4	0	0
"1048049"	24	1332	298	20	7	0	7	16	4	0	16	0	0	26	17	54	257	538	571	754	753	86	670	380	382	373	372	452	357	4	1	7	0	0
"1048052"	19	1061	198	13	10	0	2	8	0	0	10	0	0	11	14	39	156	455	543	586	469	74	537	239	289	230	297	337	257	6	1	6	0	0
"1048055"	13	1220	283	15	5	0	1	2	0	0	11	0	0	6	6	35	262	480	487	761	326	97	615	173	389	153	372	382	317	1	0	0	0	0
"1048058"	16	1139	235	26	14	0	13	2	2	0	8	0	1	3	20	82	196	420	274	180	177	102	412	90	94	87	86	366	146	1	0	0	0	0
"1048061"	16	1220	237	38	12	0	4	1	1	0	5	0	0	2	17	84	193	437	413	316	330	97	678	164	156	166	160	418	275	NA	NA	NA	NA	NA
"1048064"	24	974	249	2	2	0	3	7	5	0	0	0	0	19	4	31	268	504	1102	1309	580	77	615	276	662	304	647	493	418	0	0	2	0	0
"1048067"	37	840	256	3	11	0	3	16	1	0	2	0	0	21	11	23	213	370	890	1199	507	84	583	258	601	249	598	487	439	1	0	1	0	0
"1048070"	23	908	232	3	5	0	6	24	3	0	10	0	0	18	7	21	237	473	758	1187	382	60	671	210	594	172	593	458	391	2	0	4	0	0
"1048073"	16	993	234	0	3	0	4	4	1	0	5	0	0	16	7	23	240	459	796	952	354	87	586	187	490	167	462	444	375	1	3	3	1	0
"1048076"	27	1196	281	3	8	0	4	9	1	0	6	0	0	13	7	31	261	541	1206	1481	473	112	698	246	760	227	721	556	445	0	0	5	0	1
"1048079"	35	950	250	7	6	0	2	15	0	0	2	0	0	18	12	43	204	441	1010	1393	476	105	719	257	702	219	691	445	461	0	1	2	2	0
"1048085"	12	1115	229	17	7	1	5	3	2	0	15	0	0	15	23	122	228	534	105	117	410	82	469	211	60	199	57	300	153	2	1	4	0	0
"1048088"	12	1020	224	34	10	0	8	1	1	0	0	0	1	7	12	69	205	481	101	90	426	59	411	243	44	183	46	272	119	0	0	2	2	1
"1048091"	25	1126	256	49	11	0	11	0	1	0	7	0	1	13	27	140	184	502	100	196	402	64	517	222	92	180	104	282	116	2	0	6	1	0
"1048094"	27	1092	232	47	7	0	12	2	1	0	32	0	1	20	26	118	190	478	94	102	410	120	430	232	48	178	54	354	155	3	0	1	0	0
"1048097"	15	1126	195	27	8	0	13	1	5	1	26	0	2	19	24	107	255	560	269	448	601	84	761	292	240	309	208	404	440	2	0	3	2	1
"1048100"	26	1174	221	23	7	2	8	3	2	1	12	0	1	26	29	89	179	579	348	542	566	63	593	299	275	267	267	324	344	2	0	6	3	0
"1048103"	26	1238	262	27	6	1	8	7	14	0	25	1	1	30	27	101	246	602	375	710	649	101	688	333	349	316	361	380	408	2	2	5	2	3
"1048106"	29	1067	193	47	9	1	10	3	3	0	28	0	1	29	22	115	174	441	217	322	351	57	559	178	153	173	169	211	277	4	0	7	1	0
"1048109"	30	1093	218	25	6	0	4	5	0	0	0	0	0	0	7	19	172	493	274	1168	310	71	549	156	637	154	531	400	235	0	0	0	0	1
"1048112"	40	1200	292	35	16	0	1	1	0	0	1	0	0	2	10	26	224	535	360	1338	336	73	530	194	692	142	646	461	338	1	0	1	0	0
"1048115"	35	1152	253	13	4	0	5	0	0	0	0	0	1	3	1	13	217	490	355	1367	298	46	549	152	707	146	660	478	355	0	0	3	0	0
"1048118"	59	716	133	0	0	0	2	5	2	0	42	1	0	29	1	5	163	235	1140	443	406	63	474	252	224	154	219	450	300	28	13	113	42	17
"1048121"	137	1496	255	0	0	1	3	37	12	0	23	0	0	32	3	9	185	340	3423	883	707	66	911	390	448	317	435	651	568	42	20	153	49	10
"1048124"	112	1362	240	1	0	2	3	34	6	2	63	0	0	57	0	2	170	365	3126	893	460	120	960	225	417	235	476	638	590	41	16	203	53	17
"1048127"	80	887	184	1	0	6	7	23	5	0	70	0	0	56	1	7	150	274	1809	593	465	93	780	257	314	208	279	613	479	52	19	141	48	15
"1048130"	119	1143	237	1	0	0	3	5	3	0	2	0	0	9	1	3	88	157	2691	843	232	97	993	132	447	100	396	601	615	26	11	145	63	21
"1048133"	66	1483	254	0	2	5	7	66	16	4	98	0	0	90	1	8	257	449	2052	721	748	102	895	407	383	341	338	646	538	30	3	110	31	13
"1048136"	38	1179	263	0	1	0	3	1	0	0	0	0	0	1	0	8	185	393	686	1832	541	63	796	286	974	255	858	644	399	0	0	0	0	1
"1048139"	15	866	200	0	1	0	2	2	0	0	0	0	0	1	4	4	163	274	518	1126	290	59	457	170	563	120	563	332	274	0	0	1	0	0
"1048145"	38	1005	259	44	15	0	2	5	2	0	1	0	2	7	5	19	216	467	376	559	435	53	562	225	269	210	290	340	258	0	0	1	0	0
"1048148"	43	1224	252	62	12	1	3	0	0	0	0	0	0	0	7	24	188	383	593	911	476	65	651	246	447	230	464	428	303	NA	NA	NA	NA	NA
"1048151"	24	1084	218	46	11	1	3	3	1	0	0	0	0	1	7	21	156	382	509	958	396	70	558	203	476	193	482	442	272	0	0	1	0	0
"1048154"	43	1006	265	24	2	0	2	12	1	0	3	0	0	10	4	19	251	464	696	1559	627	106	854	292	788	335	771	661	455	6	0	4	0	0
"1048157"	22	957	213	12	6	0	4	5	0	0	1	0	1	4	5	14	196	353	553	1306	309	73	533	147	659	162	647	407	267	NA	NA	NA	NA	NA
"1048160"	42	1135	203	21	6	1	3	11	3	0	0	0	0	9	7	20	184	359	564	1151	390	65	611	212	584	178	567	456	368	2	0	1	0	0
"1072532"	27	1164	1	48	5	0	2	3	2	0	0	0	1	5	21	52	1	283	32	32	82	29	90	46	18	36	14	72	52	1	0	0	0	0
"1072533"	21	1429	2	49	9	1	3	2	2	0	2	0	0	2	19	65	0	297	64	30	103	26	112	49	14	54	16	54	17	NA	NA	NA	NA	NA
"1072534"	14	1453	0	25	12	2	4	6	1	0	17	0	1	11	21	50	1	361	109	57	158	33	93	79	28	79	29	69	22	8	1	3	0	0
"1072535"	5	1464	0	12	2	0	3	3	1	0	27	1	0	19	3	15	1	285	284	244	74	26	76	38	123	36	121	72	30	NA	NA	NA	NA	NA
"1072536"	8	1240	2	6	5	0	3	2	0	0	40	0	0	22	2	16	2	217	280	187	83	21	69	46	99	37	88	77	44	1	0	1	0	0
"1072537"	15	1213	1	14	12	0	4	5	0	0	7	0	1	10	11	34	0	265	306	238	130	25	112	69	113	61	125	96	28	0	0	1	0	0
"1072538"	14	1330	1	2	0	0	6	2	0	0	81	0	1	30	2	17	1	356	370	230	150	28	75	86	99	64	131	74	40	3	0	0	0	0
"1072539"	17	1482	1	5	3	0	9	1	3	0	55	1	0	26	7	18	2	326	468	337	220	17	107	104	166	116	171	87	30	0	0	4	0	0
"1072540"	22	1356	1	62	0	0	1	0	5	0	4	0	0	1	1	50	1	621	499	93	53	31	93	27	38	26	55	66	41	4	1	23	2	1
"1072541"	11	1305	0	29	0	0	8	0	0	0	0	0	0	1	0	71	1	546	245	67	34	28	111	20	40	14	27	94	33	7	1	7	1	0
"1072542"	33	1265	0	88	2	0	2	0	6	0	2	0	0	2	3	47	0	518	498	116	70	28	138	33	56	37	60	85	44	11	0	26	1	0
"1072543"	18	1083	1	45	1	0	1	0	0	0	0	0	0	0	2	50	0	466	172	58	39	31	73	17	34	22	24	45	42	10	1	3	0	0
"1072544"	10	1308	1	41	0	0	14	2	5	0	5	0	0	6	2	77	1	615	284	78	54	30	116	29	48	25	30	82	28	2	0	8	1	0
"1072545"	24	1155	0	74	1	0	2	0	0	0	5	0	0	0	1	51	0	467	168	91	66	25	145	40	48	26	43	58	26	26	0	6	0	2
"1072546"	70	1151	0	2	1	1	3	14	11	0	9	0	0	9	3	6	2	184	2126	186	105	28	73	51	115	54	71	118	28	54	12	166	13	13
"1072547"	55	1444	1	29	1	1	4	0	6	0	3	0	0	2	0	16	5	565	945	263	89	33	125	51	141	38	122	101	58	98	1	55	2	2
"1072548"	85	1284	1	1	2	0	0	5	14	0	4	0	0	16	2	NA	0	151	3497	240	194	21	223	81	129	113	111	227	137	56	13	190	17	12
"1072549"	66	1393	2	12	5	2	2	0	3	0	16	0	0	6	4	8	0	310	1771	312	110	28	91	55	158	55	154	93	48	23	4	119	10	5
"1072550"	54	1236	2	1	1	1	4	13	27	0	24	0	0	23	0	13	2	240	2188	130	120	19	90	72	64	48	66	88	22	31	7	141	8	12
"1072551"	49	1147	1	70	1	1	16	1	4	0	16	0	0	3	1	20	1	246	1050	151	33	11	86	15	87	18	64	68	26	16	1	74	3	2
"1072552"	33	1247	0	16	1	0	2	4	2	0	0	1	0	4	0	15	2	326	1210	197	135	23	104	80	104	55	93	104	32	34	2	42	8	2
"1072553"	31	1147	1	48	3	0	5	3	0	0	0	0	0	2	3	26	2	400	772	132	89	23	137	55	68	34	64	78	26	17	0	31	4	4
"1072554"	36	986	1	25	2	0	2	0	0	0	0	0	1	2	6	27	5	342	636	129	38	23	106	18	68	20	61	92	33	45	1	40	4	1
"1072555"	43	1227	0	109	2	0	8	3	0	0	2	0	0	1	1	52	0	448	637	97	60	38	134	27	54	33	43	87	21	48	0	19	2	1
"1072556"	28	1356	1	25	1	0	2	2	2	0	16	0	1	6	0	48	1	505	773	182	197	36	138	103	101	94	81	147	33	15	0	31	1	0
"1072557"	28	1322	1	93	1	0	2	0	0	1	8	0	0	5	0	66	0	504	201	85	44	30	143	28	44	16	41	97	29	15	0	4	1	2
"1072558"	17	1458	0	31	2	0	5	0	0	0	1	0	0	5	2	68	1	615	325	83	78	38	166	51	45	27	38	103	33	15	1	12	0	0
"1072562"	13	1384	1	32	1	0	2	5	5	0	13	0	1	6	1	38	2	768	686	129	70	47	105	42	68	28	61	90	54	6	1	17	2	1
"1072570"	12	1487	0	0	2	0	0	12	1	0	3	0	0	18	1	6	1	479	926	396	244	20	87	129	195	115	201	63	27	7	1	11	0	0
"1072571"	9	1435	1	21	21	1	7	5	0	0	3	0	0	16	22	42	1	408	281	267	188	26	135	103	120	85	147	83	38	0	0	2	0	0
"1072572"	8	1356	0	7	5	0	2	6	0	0	3	0	0	9	5	18	1	351	680	309	104	38	122	60	167	44	142	92	47	3	1	3	0	1
"1072573"	9	1500	0	27	17	0	16	0	1	0	16	0	0	9	14	27	1	384	427	228	87	14	131	48	113	39	115	79	15	NA	NA	NA	NA	NA
"1072574"	11	1608	0	26	9	0	16	0	0	0	3	0	0	4	8	30	1	337	345	154	121	44	124	56	78	65	76	117	68	0	0	1	0	0
"1072575"	7	1427	1	15	10	1	10	0	0	0	2	0	1	3	6	33	0	305	309	87	62	16	74	32	47	30	40	39	14	0	0	1	0	0
"1072576"	14	1574	0	4	3	0	2	9	2	0	2	0	0	7	2	27	1	422	1064	388	188	32	94	90	202	98	186	77	38	NA	NA	NA	NA	NA
"1072577"	14	1170	1	0	11	1	2	9	1	0	2	0	0	2	3	27	2	342	908	373	166	30	88	81	199	85	174	72	38	NA	NA	NA	NA	NA
"1072578"	13	1323	0	2	11	0	5	4	0	0	0	0	0	6	3	34	0	438	671	391	234	42	129	119	200	115	191	94	30	NA	NA	NA	NA	NA
"1072579"	17	1599	0	1	5	0	3	15	1	0	5	0	0	17	1	30	2	504	729	379	205	43	103	102	204	103	175	112	25	1	0	1	0	0
"1072580"	12	1341	1	4	5	0	2	5	1	0	2	0	0	12	13	24	1	401	633	296	228	38	87	132	159	96	137	77	48	NA	NA	NA	NA	NA
"1072581"	12	1455	0	4	10	0	5	8	4	0	10	0	0	18	15	37	1	486	464	323	170	42	105	80	172	90	151	78	47	0	0	1	0	0
"1072582"	17	1848	0	39	17	1	20	3	3	1	14	0	1	26	24	103	2	570	123	112	263	47	229	141	49	122	63	144	53	5	0	8	1	0
"1072583"	26	1857	1	35	14	3	17	8	12	0	33	0	1	55	35	98	4	670	352	319	345	35	211	187	147	158	172	103	41	3	1	11	2	2
"1072584"	26	1578	1	39	11	1	10	10	11	3	45	0	0	42	18	98	2	547	343	279	297	36	150	157	131	140	148	106	69	3	1	6	2	2
"1072585"	18	1435	0	37	5	3	17	7	13	1	40	0	0	31	27	75	3	467	205	188	245	25	186	125	96	120	92	78	44	2	0	5	1	0
"1072586"	18	1529	1	0	17	2	8	14	7	2	84	3	2	61	15	30	1	453	670	135	173	17	130	91	76	82	59	138	40	12	0	46	2	3
"1072587"	26	1602	0	0	4	1	3	40	4	1	25	0	1	55	5	14	2	414	941	147	389	27	115	225	78	164	69	98	64	9	2	47	4	7
"1072589"	51	1400	1	0	1	0	6	25	11	2	9	0	0	50	0	4	4	278	1563	177	197	34	108	107	77	90	100	151	67	21	6	120	31	16
"1072590"	63	1441	0	0	0	0	6	32	7	0	53	0	0	60	4	4	1	317	1559	198	183	23	84	100	96	83	102	114	66	33	1	111	18	12
"1072591"	45	1370	1	0	2	1	5	53	6	1	49	0	0	70	5	6	0	353	1066	157	249	41	81	135	83	114	74	113	25	22	2	75	6	17
