SampleID	HydA	DsrAB.red	DsrAB.ox	NxrA.other	NxrB.other	NOB.nxr	AmoA.Ic	amoA.AOB	amoA.AOA	p.amo.unk	emoA	pxmA	MOB.III	MOB.IIb	MOB.IIa	MOB.Ic	MOB.Ib	MOB.Ia	mcr.Ac	mcr.H2	pmoA_MOB	mcrA
Sandmound_TuleA_D1	777.2272418	708.613317	987.4098094	9.479930986	1782.076039	258.6932822	6.105267014	28.78324979	98.69608374	100.235123	38.9847455	138.1819278	2.350949784	0	85.90819278	0	32.73786789	19.76118607	6.685311257	33.38138229	140.7581965	40.06669355
Sandmound_TuleA_D2	831.6286539	1196.38876	1532.612698	428.8606442	1705.54464	186.4819448	5.024279832	15.43056796	49.94007191	88.60697612	17.8596145	68.19743683	2.545494348	0	28.26835146	2.480287912	6.016087017	8.772365878	4.561513145	16.47392178	48.08258661	21.03543493
Sandmound_TuleB_D1	809.8446893	659.8615	740.0780944	4.146469903	1368.827763	288.0573763	2.56127203	43.52333246	89.96270008	48.62394243	23.90885943	103.5531043	0	0	112.6540544	8.989518222	24.02066651	25.00350049	8.33062588	13.3527096	170.6677396	21.68333548
Sandmound_TuleB_D2	1013.431343	1639.999353	1377.963205	666.9269308	1719.022613	253.5605169	2.089637072	12.91188927	58.07763043	67.64408189	22.44574443	79.54310441	2.941038069	2.201489087	55.933542	0	34.45941788	22.35093523	4.732103775	13.94245114	117.8864223	18.67455491
Sandmound_TuleC_D1	455.3784639	538.0667947	645.3839244	7.97944495	1031.150915	177.748706	6.87966097	10.17544502	76.07001731	71.27263896	41.99252039	88.77968034	0	0	102.8079419	2.603278569	29.47845805	19.0970896	4.403482274	12.28552544	153.9867681	16.68900771
Sandmound_TuleC_D2	478.9969759	871.9104044	865.6129699	512.5470939	1053.874242	275.5249949	2.232451813	22.60925925	103.605242	46.09666051	29.24121959	88.60697612	2.622978339	0	54.39554889	0	7.440863735	9.024130525	10.84251785	20.19205529	73.48352149	31.03457314
Sandmound_ThreeSqA_D1_rd	290.9066828	279.0866888	667.353474	5.004854709	1345.806043	213.5432	2.390885943	43.54162451	154.3099969	70.54466359	50.00700098	70.23458351	2.465550101	0	39.76086679	2.503423432	8.989518222	6.551090866	11.50086256	18.01367688	60.27044941	29.51453945
Sandmound_ThreeSqA_D2	230.9858244	416.1491343	993.6598569	525.4155494	1356.646758	379.5519119	0	22.98600779	105.4470957	67.78350451	35.12289821	32.56937276	2.651436814	0	15.41042361	0	2.240856186	0	4.586377541	15.05238229	20.30271661	19.63875983
Sandmound_ThreeSqB_D1	300.516029	308.2037517	841.5953363	503.4312816	1186.205365	324.497428	2.470148258	16.05254226	34.59651308	54.50960317	13.64077829	39.59591053	0	0	35.26424676	0	5.206557138	6.802721088	6.069342235	9.487418497	47.27352498	15.55676073
Sandmound_ThreeSqB_D2	254.532851	251.5456494	1239.786878	454.0501271	1055.117763	347.5894085	0	15.62716269	118.0705761	62.29260754	36.0965221	41.90605501	3.05541297	0	81.45581913	0	2.355695955	4.960575824	8.236960891	1.757095591	91.82750388	9.994056482
Sandmound_ThreeSqC_D1	251.676389	228.3719113	992.4286546	484.017963	1137.610686	172.6674875	0	23.90885943	87.08324902	24.87881942	17.46957564	20.57552688	2.701330135	0	0	0	2.503423432	2.996506074	0	5.09708676	8.20125964	5.09708676
Sandmound_ThreeSqC_D2	571.1434547	1107.362229	1728.248086	689.1333135	1293.520617	305.5405641	0	22.44574443	56.42020094	65.06604203	31.99803089	47.69950317	5.010672733	0	76.46698979	2.201489087	11.1867084	2.240856186	5.576980455	6.114711997	97.1067162	11.69169245
WestPond_TuleA_D2	4765.30416	1217.23423	1276.823592	333.2037541	784.2037327	15.45622356	16.36893395	0	2.293220323	2.659814983	15.87301587	132.7190338	0	0	175.8679081	0	12.85099274	59.87540709	127.7694646	350.0522596	248.594308	477.8217241
WestPond_TuleB_D1	3844.702621	598.7263458	429.3376001	2.207359336	858.371423	9.558950045	0	0	0	11.78269181	14.88172747	143.7521713	0	0	139.017852	0	13.59888722	75.38227056	95.1911178	269.4213993	227.9990098	364.6125171
WestPond_TuleB_D2	6828.320147	1963.890507	604.00151	208.1283584	391.2197334	7.083189702	0	0	2.390885943	2.502427355	8.989518222	18.65911456	0	0	4.931100202	0	8.52018574	12.51711716	58.54444987	422.1915527	25.9684031	480.7360025
WestPond_TuleC_D1	2634.928874	451.4724616	540.123122	0	749.4930836	16.21490149	2.461386992	6.385981493	0	14.27759645	11.20428093	189.7759559	0	0	129.9204039	2.941038069	13.20893452	118.579109	55.1920684	137.8815873	264.6494855	193.0736557
WestPond_TuleC_D2	4212.082025	1979.763033	1761.09395	735.5487566	1182.764825	17.77086689	11.33786848	5.456311315	0	2.208031937	18.22294998	239.3833485	0	0	280.6583443	10.04959475	37.61519654	169.6331042	71.15563873	296.3569647	497.9562397	367.5126034
WestPond_CattailA_D1	2025.99319	316.7244591	445.7487677	2.707796287	1117.158619	66.22078008	4.960575824	51.13673964	0	35.84606267	18.84556764	179.6860502	4.791739042	6.285908251	256.6546894	5.245956679	17.81846043	27.19777444	21.0851471	124.3206283	317.9945283	145.4057754
WestPond_CattailA_D2	2655.794991	1153.33047	888.6379107	406.170806	596.304435	11.82547491	0	0	0	2.361063234	5.006846863	72.57039328	0	2.939360983	113.4558657	0	6.245160001	14.20030957	71.35921464	297.4694041	136.8406962	368.8286187
WestPond_CattailB_D1	2705.959149	318.8678672	900.1337474	4.246419737	1023.321345	32.33801542	2.240856186	9.845547966	0	13.51241791	6.71202504	157.053561	2.711085085	0	62.63340916	2.651436814	11.76415228	88.05956349	18.34413599	140.5246053	167.8196468	158.8687413
WestPond_CattailB_D2	9399.069154	2078.938446	1768.194016	487.3307184	697.9083277	25.75851677	2.603278569	0	0	6.664075082	7.710595644	70.65702198	0	0	60.71372949	0	30.14878425	86.985142	104.2708858	402.732262	177.8476557	507.0031478
WestPond_CattailC_D2	7333.930809	2300.888148	1103.554164	419.242749	1103.712708	5.415592574	4.71139191	0	3.008043508	0	5.828094524	136.2150381	0	0	132.0040733	6.110825939	15.73787004	86.54680782	99.51601237	572.4372857	240.3995771	671.9532981
WestPond_TuleA_D1	4069.199828	387.4111088	517.4773374	10.14986272	647.6412347	9.967381743	0	2.996506074	0	0	17.04037148	118.0531617	0	0	26.45424885	5.40266027	27.12105111	78.06450001	61.14498349	260.5568969	137.0424602	321.7018804
MayberryNE_TuleA_D1	4611.653644	430.3981414	385.2998917	4.943581378	529.1142225	12.73925921	2.23734168	2.240856186	4.922773983	6.929574732	6.604467262	24.32235224	0	0	22.5945015	0	29.16580495	41.17453296	99.27474285	382.9181593	92.93483942	482.1929022
MayberryNE_TuleA_D2	2224.911474	657.7581701	253.8838524	10.26335776	1551.409311	42.14752159	2.570198548	2.603278569	65.75963719	0	9.403799135	4.442716721	0	0	7.10994824	0	17.18316394	0	264.027114	118.3062842	24.29311218	382.3333982
MayberryNE_TuleB_D1	9010.308906	575.76739	494.7137036	0	354.2621728	NA	0	4.71139191	2.480287912	5.415592574	0	35.31774938	0	0	9.583478084	0	42.77578157	13.1148917	151.3468519	390.6298186	65.47415136	541.9766705
MayberryNE_TuleB_D2	3876.299852	819.5580166	308.0490414	0	807.0709832	20.29972545	5.680123827	12.51711716	35.95807289	9.967381743	6.245160001	14.19056989	0	0	33.17175922	0	8.103990405	0	60.54686986	262.3196552	41.27574963	322.8665251
MayberryNE_TuleC_D1	5062.963083	477.0379612	296.6838166	5.751241549	520.6005996	32.13327895	2.201489087	2.23734168	2.240856186	0	11.76415228	53.12673961	0	0	65.06604203	0	67.64408189	34.46867858	92.68644177	557.8899888	167.1788025	650.5764306
MayberryNE_TuleC_D2	2626.030717	430.7467608	100.1791081	2.745857188	579.1833045	41.05343104	2.350949784	2.570198548	182.2294998	2.6342201	40.198379	8.586172256	0	0	42.55703973	0	10.55890948	2.863860656	42.11579211	159.2466343	55.97980986	201.3624264
MayberryNE_CattailA_D1	1197.116365	237.1565692	146.3809384	2.346107104	1600.057715	151.1935217	0	0	146.0531492	2.466133817	2.622978339	2.707796287	0	0	11.78269181	0	10.47651375	0	11.27955243	46.80704711	22.25920557	58.08659953
MayberryNE_CattailA_D2	643.5631861	187.6298707	94.41244911	2.603454784	1195.064776	165.4047758	0	0	72.59927951	0	19.72440081	2.491845436	0	0	0	0	0	0	15.19915232	17.58497941	0	32.78413173
MayberryNE_CattailB_D1	1827.422344	286.7943561	177.1927604	0	1198.635684	135.1541764	0	4.402978174	196.8860678	7.415372066	5.302873627	4.246419737	0	0	5.711038581	0	15.063001	0	25.37409489	66.59307278	20.77403958	91.96716768
MayberryNE_CattailB_D2	490.6519395	176.0723718	103.5438548	0	1165.457442	137.2928594	0	2.350949784	115.6589347	4.105343104	2.863860656	0	0	0	0	0	0	0	21.51023349	6.268911216	0	27.77914471
MayberryNE_CattailC_D1	724.2200609	215.4285509	107.9909288	2.576582473	1475.403937	180.650247	0	0	79.65062516	6.047740866	42.77578157	14.7968029	0	0	11.94868756	0	11.9793476	4.190605501	4.111892828	18.34576259	28.11864066	22.45765542
MayberryNE_CattailC_D2	470.4748996	252.6921432	183.5811679	0	1226.710236	132.776194	0	3.12258	210.1645816	2.329644729	5.40266027	0	0	0	11.80531617	0	0	0	57.31353812	13.39471088	11.80531617	70.70824899
MayberrySE_CattailA_D1	1911.138252	460.7011771	532.6872585	2.313968502	1853.109003	104.1201199	0	2.941038069	55.03722718	0	5.010672733	14.83074413	2.123209869	0	43.23973732	0	5.422170169	5.021000334	59.34999881	74.11746423	55.80611769	133.467463
MayberrySE_CattailA_D2	610.1818403	225.6725041	98.05123177	0	1437.724288	155.3906427	0	2.512398688	218.6383299	0	5.279454738	10.26335776	0	0	17.77086689	2.208031937	0	0	32.27972317	11.22287221	19.97889882	43.50259538
MayberrySE_CattailB_D1	897.6189621	165.9860572	177.8990127	2.399030792	1568.293442	175.2076081	0	5.245956679	78.91032478	4.692214209	10.47651375	15.11935217	0	0	2.207359336	0	0	0	30.52633507	29.6417791	2.207359336	60.16811417
MayberrySE_TuleA_D1	1904.910003	358.8177373	194.3812705	5.253577029	2150.742398	83.17300642	0	2.465550101	99.92256002	2.603454784	5.878721966	13.97786838	2.537465681	0	30.74623477	0	12.51213677	10.36617476	15.0728395	49.71007331	56.16201198	64.7829128
MayberryNW_TuleA_D1	1609.922795	348.8155144	89.90997173	18.34761389	845.5488774	62.47714956	0	5.302873627	73.52595172	13.01501499	5.021000334	5.751241549	2.471790689	0	0	0	0	0	115.2572414	100.014002	2.471790689	215.2712433
MayberryNW_TuleA_D2	1879.71921	693.0439336	504.1987203	861.4935217	2194.833187	250.0981635	0	2.863860656	356.7606136	0	0	0	0	0	0	0	0	2.659814983	185.9776994	102.1757039	2.659814983	288.1534033
MayberryNW_TuleB_D1	2633.778763	896.337333	444.5432318	752.2708379	1466.571289	86.3651085	0	12.22165188	73.4433935	5.153164945	11.9793476	0	0	0	10.83118515	0	0	14.72836477	130.7135584	158.2330281	25.55954992	288.9465866
MayberryNW_TuleB_D2	1490.901606	685.8881974	278.3208741	1027.76362	2082.627554	244.2913319	0	0	283.5382616	6.56628998	8.292939806	13.01727392	0	0	0	0	0	0	167.4338859	18.04826105	0	185.482147
MayberryNW_TuleC_D1	1722.445602	229.5070331	137.5913262	0	1134.033667	190.8151845	0	5.010672733	289.0066127	2.313968502	21.68868068	2.169169165	0	0	4.246419737	0	0	8.566557871	114.7625253	41.49024215	12.81297761	156.2527674
MayberryNW_TuleC_D2	1510.880344	631.8997063	403.6112586	1284.114022	2171.76598	273.8522453	0	2.639727369	243.4281558	2.500981635	2.659814983	2.354403677	0	0	0	0	0	0	126.2573124	56.61190081	0	182.8692132
MayberryNW_CattailA_D1	2759.715453	533.9940041	370.6632401	5.523808998	651.9452366	38.25105955	0	2.09530275	48.88660751	0	5.891345907	10.30632989	0	3.023870433	0	0	4.414718672	9.558950045	83.98504078	95.23809524	16.99753915	179.223136
MayberryNW_CattailA_D2	2224.27711	754.4565842	418.3849008	1038.53694	2280.856935	282.8450289	2.073234951	5.878721966	272.8343436	18.3875196	15.01456413	10.94381663	2.603454784	0	0	0	0	4.722126468	93.5719027	42.1648945	7.325581252	135.7367972
MayberryNW_CattailB_D1	1826.592057	302.7009177	248.1756303	5.062650297	1081.598494	64.28149361	0	7.531500501	120.2561456	11.00856834	14.27759645	4.627937005	0	0	0	0	0	8.107450747	42.50595083	92.89168829	8.107450747	135.3976391
MayberryNW_CattailB_D2	1486.175267	767.7717927	275.1957698	870.8303686	1686.926874	230.7155217	0	0	290.3700106	2.852627555	11.04015968	5.001963271	0	0	0	0	0	8.885433443	223.5093523	44.81712373	8.885433443	268.326476
MayberryNW_CattailC_D1	3266.308502	1125.717988	755.7597838	659.9445647	1562.318252	140.8571294	2.945672954	0	138.2899815	5.100141274	0	2.399030792	0	0	0	0	21.6623703	8.829437344	155.5048725	62.47868566	30.49180764	217.9835581
MayberryNW_CattailC_D2	703.852789	320.4650304	159.8713823	892.8720439	2099.317722	358.2119393	0	0	235.1488786	11.20178332	4.722126468	5.253577029	0	0	0	0	0	4.730189964	78.20913122	14.13417573	4.730189964	92.34330695
Browns_TuleA_D1	73.38204066	89.23168729	205.7158913	2.703996236	669.5926842	131.6289077	0	13.55542542	120.504008	51.91966791	5.404967165	18.34761389	2.313968502	0	0	0	4.246419737	6.929574732	2.183696955	0	13.48996297	2.183696955
Browns_TuleA_D2	904.331993	791.1878383	773.2246075	430.0883575	926.9330186	252.2222104	2.208031937	7.97944495	49.76963768	30.35730549	6.664075082	82.7261991	0	0	74.13814408	0	10.5368804	37.20674644	0	13.42405008	121.8817709	13.42405008
Browns_TuleB_D1	175.7218323	86.53737982	180.9808459	0	805.0569503	129.9890809	2.389737511	26.51105658	117.3976065	52.47618548	6.622078008	5.100141274	0	0	4.692214209	0	4.932267635	5.415592574	NA	NA	15.04007442	#VALUE!
Browns_TuleB_D2	271.5050952	267.9534437	711.043603	422.0850446	1055.779183	264.2456205	2.361063234	0	105.7349825	38.87571434	7.095284947	25.20401248	2.626788515	0	23.43109306	0	2.537465681	2.491845436	NA	NA	31.08719269	#VALUE!
Browns_TuleC_D1	303.9454348	142.9976318	322.0414985	2.366051888	827.8411462	135.1998118	5.404967165	34.26623149	67.77712712	53.15782812	9.239432976	27.19601653	3.669522779	0	36.8758758	0	2.471790689	12.73925921	23.97204859	8.52018574	55.75644848	32.49223433
Browns_TuleC_D2	909.1288825	1404.137938	923.5421316	429.3395217	1581.063652	155.990596	2.221358361	0	26.59814983	2.654970636	0	24.28584439	2.852627555	0	65.92330295	0	0	7.902660299	26.89027424	13.20893452	76.6785908	40.09920876
Browns_ThreeSqA_D1	248.0738222	242.4791916	740.3020432	496.0451916	1221.815865	200.7065784	0	16.72816258	91.31586157	35.99697625	5.415592574	66.28570797	0	0	18.03607731	0	3.023870433	19.72907054	5.206557138	0	40.78901828	5.206557138
Browns_ThreeSqA_D2	761.0778484	1411.893033	1982.844465	466.9350201	1072.667671	258.2494023	0	4.722126468	32.53155561	30.59686132	4.983690872	69.42091847	0	0	142.2696162	5.206909569	9.318578917	60.89917634	9.42278382	17.81846043	217.6942811	27.24124425
Browns_ThreeSqB_D1	306.0651066	209.9384452	441.2210793	392.1352798	1070.780247	170.3557359	0	13.51241791	62.82142439	40.55994354	8.492839475	60.75180357	2.472365139	0	4.627937005	0	5.751241549	29.66148827	0	3.12258	42.51303196	3.12258
Browns_ThreeSqB_D2	920.2795942	2053.143395	1576.080221	679.7663303	1449.692002	167.3323264	0	11.1067918	37.53654293	28.96968211	7.902660299	84.95906035	6.071461097	0	55.02159598	2.354403677	2.745857188	39.00075949	13.42405008	11.76415228	105.1940774	25.18820236
Browns_ThreeSqC_D1	289.9207726	519.4250402	1064.833208	667.1938322	1413.44387	311.7223882	0	8.829437344	97.97923796	41.05361831	4.932267635	33.99714424	0	0	23.99030792	0	0	9.0716113	7.710595644	2.512398688	33.06191922	10.22299433
Browns_ThreeSqC_D2	553.0339135	1345.189637	1758.491698	509.6284163	1101.086	207.0155262	0	21.28585484	106.2478455	27.76875293	10.14986272	33.37839417	0	0	18.3875196	0	2.603454784	16.3075131	9.713490873	2.622978339	37.29848749	12.33646921
RushSE_TuleA_D1	1485.875015	696.7616211	612.9264698	5.576980455	1264.400112	68.79566312	0	11.54929122	2.702483582	2.366051888	7.415372066	45.96793601	0	0	18.34761389	0	2.169169165	43.13431162	2.840061913	2.465550101	63.65109468	5.305612015
RushSE_TuleA_D2	1976.181551	2564.834821	931.8119003	589.7052211	1088.681273	69.7974357	0	8.586172256	0	15.41218796	8.210686208	35.65499337	0	0	14.26313778	0	2.354403677	10.98342875	2.201489087	7.954310441	27.6009702	10.15579953
RushSE_TuleB_D1	1536.430142	799.9762169	642.9344884	2.884579327	704.5953321	65.89568713	0	13.53898144	8.829437344	35.23818301	6.047740866	27.36907887	0	0	5.100141274	0	2.576582473	11.73053552	NA	NA	19.40725927	#VALUE!
RushSE_TuleB_D2	3511.469052	3898.691924	1027.028435	587.6962083	1378.761969	68.98899959	0	19.93476349	7.095284947	16.10120759	9.318578917	36.09937881	0	0	16.80267499	0	2.188763327	23.43109306	0	15.27706485	42.42253137	15.27706485
RushSE_TuleC_D1	853.0274201	965.7329255	392.1451029	2.508730382	990.5833435	103.1741384	0	21.23209869	9.239432976	34.39783156	14.37810387	42.58893398	0	0	24.72365139	0	9.255874009	17.35335332	0	2.701330135	51.33287871	2.701330135
RushSE_TuleC_D2	2721.095766	3666.70615	1023.887114	483.8583434	1094.844301	105.6555188	0	15.8053206	20.03440193	36.41605341	5.491714376	39.63134046	0	0	6.071461097	0	0	35.31605515	0	5.010672733	41.38751625	5.010672733
RushSE_CattailNLA_D1	2875.590185	1094.116585	386.5179258	1.757095591	1024.286761	77.88364184	0	7.398401452	10.83118515	5.491307261	4.692214209	18.97440624	0	0	5.523808998	0	4.798061583	23.18924225	NA	NA	33.51111283	#VALUE!
RushSE_CattailNLA_D2	2900.984808	2842.241484	1278.532773	683.0096258	1467.479604	69.80299793	0	5.074931362	4.983690872	8.901806399	7.810364353	43.70327775	0	0	0	0	13.13394257	15.32134329	0	4.190605501	28.45528586	4.190605501
RushSE_CattailNLB_D1	2714.815778	860.4124905	656.8066535	4.076474665	628.7400381	67.73572031	2.875620775	27.18969758	0	8.365470683	4.33833833	4.586377541	0	0	5.062650297	0	3.669522779	20.82571652	NA	NA	29.5578896	#VALUE!
RushSE_CattailNLB_D2	2342.690936	2579.076996	1091.054643	528.8023496	996.8370629	54.55265636	0	22.57938707	7.902660299	27.02815597	7.06321103	63.72809347	0	0	5.309941272	0	2.852627555	40.01570616	2.651436814	2.510500167	48.17827499	5.161936981
RushSE_CattailNLC_D1	1892.14492	803.8750478	476.2108271	0	1183.748591	59.7412501	0	33.26257477	4.932267635	8.653737982	12.88291236	16.47392178	0	0	0	0	0	9.596123166	NA	NA	9.596123166	#VALUE!
RushSE_CattailNLC_D2	1645.851066	2616.583452	959.637448	690.0648137	1245.159541	53.51941098	0	11.64822365	7.612397042	15.76196727	13.13257996	40.0581288	0	0	27.81532847	0	8.401337493	63.04292435	6.110825939	9.583478084	99.25959032	15.69430402
RushMan_CattailNLA_D2	6604.18488	6936.036528	965.5995554	308.8547555	759.4308454	4.076474665	0	0	0	0	0	30.67339251	0	0	21.63196989	0	2.472365139	14.67809111	137.7678369	219.7629049	38.78242614	357.5307417
RushMan_CattailNLB_D2	3164.155347	3152.652963	854.6615624	767.8339539	1205.564549	7.447920416	0	0	0	0	12.50490818	7.371315264	0	0	6.685311257	0	0	5.70525511	127.7721547	525.9505064	12.39056637	653.7226611
RushMan_CattailNLC_D1	1903.806379	805.8952458	559.5457589	2.702622354	1350.726403	14.56331888	0	4.692214209	0	1.757095591	0	51.92242789	0	0	6.842269718	0	2.761904499	30.60084764	18.47809158	29.25796482	40.20502186	47.7360564
RushMan_CattailNLC_D2	4825.359036	3519.508023	1308.216762	405.4007808	610.1374003	5.823331761	0	0	0	0	0	40.53077299	0	0	5.553750587	0	2.776836739	39.20624163	81.71680726	223.8711445	47.53682896	305.5879517
RushMan_ThreeSqA_D1	1111.823311	683.859632	449.4865572	2.989885218	941.148247	77.21368888	2.313968502	45.55255246	60.38803627	44.84122131	25.68665945	40.13968611	0	0	7.098155663	0	0	12.36182569	0	5.004854709	19.45998136	5.004854709
RushMan_ThreeSqA_D2	1179.285886	1772.012237	1495.447722	739.6585989	1273.405823	210.1440295	0	21.18963309	79.62985845	47.17016264	22.82102044	28.46225549	2.457105088	0	4.403482274	0	2.654970636	15.17865274	7.531500501	11.42207716	24.69421074	18.95357766
RushMan_ThreeSqB_D1	1383.860523	708.6050799	256.8954189	2.819888107	721.6371912	48.64720238	0	12.88291236	16.42274973	12.13609907	5.100141274	15.81386032	0	0	8.131888387	0	0	16.57142699	7.10994824	6.624095811	24.70331538	13.73404405
RushMan_ThreeSqB_D2	1434.431892	1683.268667	2201.863835	558.0260209	1185.949366	142.1535205	0	15.32134329	52.06909569	49.49831997	19.60312082	66.26212788	0	0	36.80276021	0	11.12613139	44.42938782	9.583478084	16.72816258	92.35827941	26.31164066
RushMan_ThreeSqC_D2	1390.770712	1401.059162	1172.664173	359.8508003	1800.283297	116.6055235	0	23.13968502	28.19919914	25.73789629	4.944730277	22.42061066	0	0	22.93188771	0	0	20.25060119	12.43940971	14.1663794	43.1824889	26.60578911
RushOxbow_ThreeSqA_D1	892.2750297	639.7037162	277.790195	2.151023349	826.3609131	71.07039918	0	42.5166878	63.56889927	37.71815914	48.57168878	22.34376125	0	0	48.55473788	0	2.228437086	0	NA	NA	50.78317497	#VALUE!
RushOxbow_ThreeSqA_D2	1116.798298	1879.782825	889.3787444	538.6579604	976.8427222	98.69608374	0	11.99515396	38.64873709	16.21573413	2.761904499	14.56331888	0	0	30.20218993	0	0	3.999664028	2.659814983	0	34.20185396	2.659814983
RushOxbow_ThreeSqB_D1	770.1958753	450.3147817	363.9732645	2.204366851	846.5911517	65.13922424	0	23.64109663	56.9078465	21.05978082	44.42938782	11.64666352	0	0	6.676354799	0	0	0	0	2.207359336	6.676354799	2.207359336
RushOxbow_ThreeSqB_D2	655.1027483	450.0630088	386.5143611	775.5066512	1075.734253	189.1523438	0	51.3733189	60.16318106	59.79770437	32.90722693	5.515263492	2.038237332	0	22.30792182	0	4.732103775	5.407992472	2.502427355	0	34.4862554	2.502427355
RushOxbow_ThreeSqC_D1	866.9668785	277.790195	152.6059935	0	637.3393069	70.98377053	3.035730549	28.52627555	37.51472453	15.79342204	26.54970636	8.082462672	2.482640139	0	4.914210176	0	0	0	0	2.309858244	7.396850315	2.309858244
RushOxbow_ThreeSqC_D2	1020.171231	862.0971878	748.2993197	392.7721779	1002.137281	172.6994988	0	30.60084764	91.16317008	47.93809782	7.999328056	5.405244709	0	0	14.42289664	0	2.710629462	2.280756573	NA	NA	19.41428267	#VALUE!
Joice_CattailNLA_D1	830.4506364	733.962616	183.5413055	2.512139916	636.2487666	33.06550276	0	5.600891662	31.52146218	6.513922424	8.344598541	50.01697945	0	2.54854338	60.79615948	0	2.300172513	8.33062588	NA	NA	73.97550126	#VALUE!
Joice_CattailNLA_D2	2882.903607	4125.003549	4036.293682	599.3376551	1042.426271	35.60999929	0	2.472365139	0	4.613471799	0	89.69655655	0	0	5.017460763	0	6.879566312	68.61550474	0	14.95107261	80.51253181	14.95107261
Joice_CattailNLB_D1	894.0374091	460.2793674	185.9910635	4.179274144	608.8408176	34.43170471	0	15.17865274	17.11576533	4.302046699	6.685311257	57.90921415	0	0	94.87418497	0	0	4.403482274	2.702483582	2.123209869	99.27766725	4.825693451
Joice_CattailNLB_D2	2466.252715	3133.786848	2238.819569	435.7118615	968.2981173	38.66669109	0	0	17.85049446	0	6.842269718	56.39776214	0	0	24.59933828	0	16.47392178	10.84251785	2.221358361	7.902660299	51.91577791	10.12401866
Joice_CattailNLC_D1	920.4613136	590.308523	306.2404742	0	774.8923192	85.41275715	0	33.32204086	39.20624163	24.24803536	11.10750117	21.71307475	2.632472603	0	17.83980366	0	0	11.50086256	0	2.466133817	31.97313883	2.466133817
Joice_CattailNLC_D2	1048.174539	2163.477385	1819.988835	423.1868119	1032.64457	94.76706512	2.703996236	10.12530059	54.39203305	43.52333246	0	41.52124619	0	0	14.26766133	0	13.94245114	34.39783156	0	7.612397042	62.60794403	7.612397042
Joice_ThreeSqA_D1	1432.527229	1750.108682	971.0062892	577.977919	1462.389762	71.04766044	0	0	60.71461097	10.75990772	4.403482274	25.81228019	0	0	47.17016264	0	0	9.104013353	2.309858244	2.471790689	56.27417599	4.781648933
Joice_ThreeSqA_D1_rd	839.0022676	598.7540709	385.5297822	2.470148258	971.2234141	38.9847455	0	0	5.523808998	4.070178009	16.26377677	61.67839241	2.819888107	0	196.6048049	0	0	5.491307261	8.586172256	0	204.9160003	8.586172256
Joice_ThreeSqA_D2	1961.907738	2348.628867	1309.37857	581.9002699	1293.458709	62.50865075	0	8.344598541	44.42938782	17.58497941	4.600345026	30.86113591	0	0	26.20499292	0	0	6.676354799	5.415592574	15.11935217	32.88134772	20.53494474
Joice_ThreeSqA_D2_rd	1402.364843	843.6536964	624.8136209	5.000700098	711.8852074	43.03594697	0	8.111988708	12.65662574	17.92890421	20.63869894	102.8733313	0	2.989885218	101.113164	0	7.526191145	2.788490228	0	9.318578917	114.4177306	9.318578917
Joice_ThreeSqB_D1	1640.306728	1745.12651	889.4015912	491.720575	652.2675528	58.92007912	0	8.913748343	29.204677	6.268911216	3.034671118	12.91188927	0	0	8.082462672	0	0	0	2.123209869	2.875620775	8.082462672	4.998830643
Joice_ThreeSqC_D1	3261.908047	2860.630984	1372.954674	551.0874428	911.5646259	51.87311342	0	0	31.99731223	6.87966097	10.98261452	34.59651308	0	0	40.53933532	0	5.271286774	14.42289664	7.902660299	16.47514313	60.23351873	24.37780343
Joice_ThreeSqC_D2	2661.936429	2288.49845	2173.852173	589.5765276	1071.484378	73.10304898	0	5.553750587	22.25226278	6.697355438	4.4509032	32.65781891	0	0	42.11956164	0	0	18.01367688	32.05973963	53.9604634	60.13323852	86.02020303
Goodyear_PhragA_D2	1657.266312	3226.310334	1061.6772	639.8232079	1800.90015	32.50455064	0	2.366051888	21.63196989	0	0	0	0	0	0	0	0	2.508730382	15.22479408	7.810364353	2.508730382	23.03515844
Goodyear_PhragC_D2	1718.27841	2650.592861	1038.186438	775.3369023	1364.681417	35.12289821	0	0	15.5990596	2.805718053	4.914210176	0	0	0	0	0	0	0	2.471790689	0	0	2.471790689
White_CordA_D2	1763.156204	4306.940004	1359.20769	419.5011338	1023.088478	21.82524526	0	2.710629462	0	0	8.653737982	2.293220323	0	0	0	0	0	1.757095591	0	0	1.757095591	0
White_CordB_D2	1006.317654	2866.226636	760.6637184	404.2869296	645.4606917	12.03217403	0	2.300172513	0	11.69648784	4.503419221	2.232451813	0	0	0	0	0	5.09708676	0	2.576582473	5.09708676	2.576582473
White_ThreeSqA_D1	1067.863279	1745.52222	1072.514294	647.245312	1169.098743	41.49024215	0	34.39783156	104.1062831	12.50175025	5.017460763	16.7362016	5.12254406	0	2.3067359	0	3.676842328	10.19118666	0	2.188763327	21.29730895	2.188763327
White_ThreeSqA_D2	1532.236405	4585.078349	1662.450882	562.4549028	1038.12654	46.76635284	0	6.069342235	52.84178729	12.77196299	4.743709249	28.05718053	0	0	6.453070048	0	2.694154224	29.79168167	17.25372465	9.255874009	38.93890594	26.50959866
White_ThreeSqB_D1	1394.113222	2288.795204	1363.197672	489.416371	984.3860438	54.42176871	2.884579327	32.94784356	168.0590267	19.0970896	5.271286774	0	0	0	0	0	0	0	NA	NA	0	#VALUE!
White_ThreeSqB_D2	1407.658374	3425.609711	944.1226076	461.7164072	685.7724556	34.72403077	0	13.3527096	27.60207016	15.04021754	10.19417352	11.69648784	2.232451813	0	2.204366851	0	0	14.5583294	NA	NA	18.99514807	#VALUE!
White_ThreeSqC_D1	1589.39322	2361.996997	1069.726733	390.5340553	1084.903651	62.92662755	2.508730382	30.67339251	105.4866835	15.28587869	6.114711997	2.500350049	0	0	0	0	2.989885218	5.515263492	0	2.626788515	8.50514871	2.626788515
White_ThreeSqC_D2	1658.745471	3051.803772	977.0811829	411.6708691	790.3345823	44.81712373	2.371854624	14.74263053	63.72809347	17.22970894	7.447920416	28.73691672	0	0	0	0	7.89671102	29.63569647	4.33833833	3.669522779	37.53240749	8.007861108
Tolay_CordA_D2	688.3972404	3344.989246	818.3154844	442.0741502	1159.018243	49.46229281	0	17.30747596	68.64134076	15.87301587	9.708879256	0	0	0	0	0	0	13.51311177	0	0	13.51311177	0
Tolay_CordB_D2	944.2722022	4088.142553	704.0217241	435.1643911	1361.839476	61.24809483	0	36.02735377	77.89080599	24.80287912	2.911665881	6.016087017	0	0	2.512139916	0	0	2.632472603	2.576582473	2.550070637	5.144612519	5.126653109
Tolay_CordC_D2	875.2702859	3692.718294	875.9295729	616.2934352	1530.0642	32.54450461	0	10.03492153	36.25037296	2.996506074	9.19210582	6.551090866	2.500350049	0	0	0	0	0	0	8.401337493	2.500350049	8.401337493
China_Galinas_CordA_D2	2062.817841	3289.506649	2791.676186	816.7524514	2155.780904	17.89873344	0	2.371854624	4.914210176	0	0	7.384160975	0	0	0	0	0	0	NA	NA	0	#VALUE!
China_Galinas_CordB_D2	2491.558771	5556.626112	566.4258764	399.6614632	881.8519393	28.27218403	0	3.514191183	0	2.603278569	0	0	0	0	0	0	0	2.819888107	0	3.035730549	2.819888107	3.035730549
China_Galinas_CordC_D2	3018.748014	4314.228363	632.5095535	501.4623865	1046.568357	25.25507627	0	5.09708676	0	0	13.16236301	2.480287912	0	0	0	0	0	2.171307475	0	2.761904499	2.171307475	2.761904499
China_Galinas_PWA_D1	904.9455952	1410.893272	959.9077825	593.2902001	944.3056888	17.04037148	NA	NA	NA	NA	NA	NA	NA	NA	NA	NA	NA	NA	NA	NA	#VALUE!	#VALUE!
China_Galinas_PWA_D2	493.5512642	1837.686122	3163.836294	723.4953649	1227.615245	39.62680357	0	0	4.743709249	8.94936672	2.632237007	2.240856186	0	0	0	0	0	0	NA	NA	0	#VALUE!
China_Galinas_PWB_D1	1166.759497	2336.802988	1875.169563	645.6864627	1323.103623	7.052849351	0	0	0	2.570198548	2.819888107	2.603278569	2.267573696	0	0	0	0	0	NA	NA	2.267573696	#VALUE!
China_Galinas_PWB_D2	668.4015773	2577.955605	1770.349445	1028.207509	2398.499181	28.00043783	2.632472603	0	12.7427169	0	8.685229898	0	0	0	0	0	0	0	NA	NA	0	#VALUE!
China_Galinas_PWC_D1	2031.098439	2504.467821	1911.854499	658.301877	1366.873048	NA	0	0	0	2.840061913	2.3067359	0	0	0	0	0	0	0	NA	NA	0	#VALUE!
China_Bullhead_CordA_D2	1481.195098	3917.517947	1025.131425	410.9727061	811.7289827	5.882076138	0	18.85907957	2.482640139	2.201489087	0	2.23734168	0	0	0	0	0	2.151981545	12.36182569	2.703996236	2.151981545	15.06582193
China_Bullhead_CordB_D2	1267.940769	4061.537479	903.0850622	535.5419427	1084.927949	2.512398688	0	5.405244709	2.427219814	0	0	2.570198548	0	0	0	0	0	2.035089005	18.21438329	2.228437086	2.035089005	20.44282038
China_Bullhead_CordC_D2	1310.540628	4612.923846	1154.243218	549.9743345	856.9788249	2.622978339	0	10.52989041	37.85165645	5.090988695	6.613100552	7.770792699	0	0	0	0	2.232451813	5.024279832	8.285713497	2.280756573	7.256731645	10.56647007
China_Galinas_PWC_D2	518.3087379	2239.672482	1369.416676	605.0979502	1316.83372	24.65550101	2.3067359	0	3.676842328	6.245160001	0	2.840061913	0	0	0	0	0	0	NA	NA	0	#VALUE!
Muzzi_CordA_D2	835.0142061	3617.942941	1421.506364	618.8180825	1473.663598	53.02873627	0	21.05789605	64.65970138	2.941038069	2.151981545	6.604467262	0	0	0	0	0	0	0	2.366051888	0	2.366051888
Muzzi_CordB_D2	617.0770761	2408.962843	1592.713945	657.2921149	1241.870959	65.86879509	2.055946414	19.73921675	70.26818122	2.512398688	2.035089005	4.701899567	0	0	0	0	2.470148258	0	NA	NA	2.470148258	#VALUE!
Muzzi_CordC_D2	754.0922762	2714.741813	2381.740724	588.7800728	1312.936497	64.16367236	2.204366851	13.02784485	147.4184657	7.868935018	2.512139916	5.090988695	0	0	2.480287912	0	0	0	NA	NA	2.480287912	#VALUE!
Muzzi_PWA_D1	695.6748046	854.7048907	1598.804208	581.9934746	841.7333903	21.61064108	3.956666588	2.3067359	23.91908175	2.465550101	10.24508812	0	0	0	0	0	0	0	NA	NA	0	#VALUE!
Muzzi_PWA_D2	476.8717215	2113.342161	1676.957085	956.5005636	1881.493049	55.11740006	2.151981545	2.151023349	18.42565905	0	0	0	0	0	0	0	0	0	0	0	0	0
Muzzi_PWB_D1	962.7019245	766.3686344	1565.545408	412.3769979	715.4902305	NA	0	0	5.639776214	2.863860656	0	0	0	0	0	0	0	2.470148258	0	3.034671118	2.470148258	3.034671118
Muzzi_PWB_D2	454.0501271	1717.325563	2526.373936	725.9484648	1637.794162	35.62014676	0	2.204366851	10.85653737	3.05541297	0	2.622978339	0	0	0	0	0	0	NA	NA	0	#VALUE!
Muzzi_PWC_D1	587.9047453	1213.293726	2723.587061	530.7481476	1298.759797	23.51488786	0	3.956666588	32.29430259	10.80532054	2.390885943	0	0	0	2.503423432	0	0	0	NA	NA	2.503423432	#VALUE!
Muzzi_PWC_D2	494.5544956	1903.323193	2044.651104	1032.923417	1767.566441	57.74150384	0	2.151981545	36.56739694	7.516009099	14.02859027	0	0	0	0	0	0	3.192990747	0	0	3.192990747	0
																					15	4